vout	Is(M2)	Is(M4)
0.000000000000000e+00	9.999639e-06	2.004573e-05
1.000000000000000e-03	9.999639e-06	2.004571e-05
2.000000000000000e-03	9.999639e-06	2.004570e-05
3.000000000000000e-03	9.999639e-06	2.004569e-05
4.000000000000000e-03	9.999639e-06	2.004567e-05
5.000000000000000e-03	9.999639e-06	2.004566e-05
6.000000000000000e-03	9.999639e-06	2.004565e-05
7.000000000000000e-03	9.999639e-06	2.004563e-05
8.000000000000000e-03	9.999639e-06	2.004562e-05
9.000000000000001e-03	9.999639e-06	2.004561e-05
1.000000000000000e-02	9.999639e-06	2.004560e-05
1.100000000000000e-02	9.999639e-06	2.004558e-05
1.200000000000000e-02	9.999639e-06	2.004557e-05
1.300000000000000e-02	9.999639e-06	2.004556e-05
1.400000000000001e-02	9.999639e-06	2.004554e-05
1.500000000000001e-02	9.999639e-06	2.004553e-05
1.600000000000001e-02	9.999639e-06	2.004552e-05
1.700000000000001e-02	9.999639e-06	2.004551e-05
1.800000000000001e-02	9.999639e-06	2.004549e-05
1.900000000000001e-02	9.999639e-06	2.004548e-05
2.000000000000001e-02	9.999639e-06	2.004547e-05
2.100000000000001e-02	9.999639e-06	2.004545e-05
2.200000000000001e-02	9.999639e-06	2.004544e-05
2.300000000000001e-02	9.999639e-06	2.004543e-05
2.400000000000001e-02	9.999639e-06	2.004541e-05
2.500000000000002e-02	9.999639e-06	2.004540e-05
2.600000000000002e-02	9.999639e-06	2.004539e-05
2.700000000000002e-02	9.999639e-06	2.004538e-05
2.800000000000002e-02	9.999639e-06	2.004536e-05
2.900000000000002e-02	9.999639e-06	2.004535e-05
3.000000000000002e-02	9.999639e-06	2.004534e-05
3.100000000000002e-02	9.999639e-06	2.004532e-05
3.200000000000002e-02	9.999639e-06	2.004531e-05
3.300000000000002e-02	9.999639e-06	2.004530e-05
3.400000000000002e-02	9.999639e-06	2.004529e-05
3.500000000000002e-02	9.999639e-06	2.004527e-05
3.600000000000003e-02	9.999639e-06	2.004526e-05
3.700000000000003e-02	9.999639e-06	2.004525e-05
3.800000000000003e-02	9.999639e-06	2.004523e-05
3.900000000000003e-02	9.999639e-06	2.004522e-05
4.000000000000003e-02	9.999639e-06	2.004521e-05
4.100000000000003e-02	9.999639e-06	2.004519e-05
4.200000000000003e-02	9.999639e-06	2.004518e-05
4.300000000000003e-02	9.999639e-06	2.004517e-05
4.400000000000003e-02	9.999639e-06	2.004515e-05
4.500000000000003e-02	9.999639e-06	2.004514e-05
4.600000000000003e-02	9.999639e-06	2.004513e-05
4.700000000000003e-02	9.999639e-06	2.004512e-05
4.800000000000004e-02	9.999639e-06	2.004510e-05
4.900000000000004e-02	9.999639e-06	2.004509e-05
5.000000000000004e-02	9.999639e-06	2.004508e-05
5.100000000000004e-02	9.999639e-06	2.004506e-05
5.200000000000004e-02	9.999639e-06	2.004505e-05
5.300000000000004e-02	9.999639e-06	2.004504e-05
5.400000000000004e-02	9.999639e-06	2.004502e-05
5.500000000000004e-02	9.999639e-06	2.004501e-05
5.600000000000004e-02	9.999639e-06	2.004500e-05
5.700000000000004e-02	9.999639e-06	2.004498e-05
5.800000000000004e-02	9.999639e-06	2.004497e-05
5.900000000000005e-02	9.999639e-06	2.004496e-05
6.000000000000005e-02	9.999639e-06	2.004495e-05
6.100000000000005e-02	9.999639e-06	2.004493e-05
6.200000000000005e-02	9.999639e-06	2.004492e-05
6.300000000000004e-02	9.999639e-06	2.004491e-05
6.400000000000004e-02	9.999639e-06	2.004489e-05
6.500000000000004e-02	9.999639e-06	2.004488e-05
6.600000000000004e-02	9.999639e-06	2.004487e-05
6.700000000000005e-02	9.999639e-06	2.004486e-05
6.800000000000005e-02	9.999639e-06	2.004484e-05
6.900000000000005e-02	9.999639e-06	2.004483e-05
7.000000000000005e-02	9.999639e-06	2.004482e-05
7.100000000000005e-02	9.999639e-06	2.004480e-05
7.200000000000005e-02	9.999639e-06	2.004479e-05
7.300000000000005e-02	9.999639e-06	2.004478e-05
7.400000000000005e-02	9.999639e-06	2.004476e-05
7.500000000000005e-02	9.999639e-06	2.004475e-05
7.600000000000005e-02	9.999639e-06	2.004474e-05
7.700000000000005e-02	9.999639e-06	2.004473e-05
7.800000000000006e-02	9.999639e-06	2.004471e-05
7.900000000000006e-02	9.999639e-06	2.004470e-05
8.000000000000006e-02	9.999639e-06	2.004469e-05
8.100000000000006e-02	9.999639e-06	2.004467e-05
8.200000000000006e-02	9.999639e-06	2.004466e-05
8.300000000000006e-02	9.999639e-06	2.004465e-05
8.400000000000006e-02	9.999639e-06	2.004463e-05
8.500000000000006e-02	9.999639e-06	2.004462e-05
8.600000000000006e-02	9.999639e-06	2.004461e-05
8.700000000000006e-02	9.999639e-06	2.004460e-05
8.800000000000006e-02	9.999639e-06	2.004458e-05
8.900000000000007e-02	9.999639e-06	2.004457e-05
9.000000000000007e-02	9.999639e-06	2.004456e-05
9.100000000000007e-02	9.999639e-06	2.004454e-05
9.200000000000007e-02	9.999639e-06	2.004453e-05
9.300000000000007e-02	9.999639e-06	2.004452e-05
9.400000000000007e-02	9.999639e-06	2.004450e-05
9.500000000000007e-02	9.999639e-06	2.004449e-05
9.600000000000007e-02	9.999639e-06	2.004448e-05
9.700000000000007e-02	9.999639e-06	2.004446e-05
9.800000000000007e-02	9.999639e-06	2.004445e-05
9.900000000000007e-02	9.999639e-06	2.004444e-05
1.000000000000001e-01	9.999639e-06	2.004443e-05
1.010000000000001e-01	9.999639e-06	2.004441e-05
1.020000000000001e-01	9.999639e-06	2.004440e-05
1.030000000000001e-01	9.999639e-06	2.004439e-05
1.040000000000001e-01	9.999639e-06	2.004437e-05
1.050000000000001e-01	9.999639e-06	2.004436e-05
1.060000000000001e-01	9.999639e-06	2.004435e-05
1.070000000000001e-01	9.999639e-06	2.004434e-05
1.080000000000001e-01	9.999639e-06	2.004432e-05
1.090000000000001e-01	9.999639e-06	2.004431e-05
1.100000000000001e-01	9.999639e-06	2.004430e-05
1.110000000000001e-01	9.999639e-06	2.004428e-05
1.120000000000001e-01	9.999639e-06	2.004427e-05
1.130000000000001e-01	9.999639e-06	2.004426e-05
1.140000000000001e-01	9.999639e-06	2.004424e-05
1.150000000000001e-01	9.999639e-06	2.004423e-05
1.160000000000001e-01	9.999639e-06	2.004422e-05
1.170000000000001e-01	9.999639e-06	2.004420e-05
1.180000000000001e-01	9.999639e-06	2.004419e-05
1.190000000000001e-01	9.999639e-06	2.004418e-05
1.200000000000001e-01	9.999639e-06	2.004417e-05
1.210000000000001e-01	9.999639e-06	2.004415e-05
1.220000000000001e-01	9.999639e-06	2.004414e-05
1.230000000000001e-01	9.999639e-06	2.004413e-05
1.240000000000001e-01	9.999639e-06	2.004411e-05
1.250000000000001e-01	9.999639e-06	2.004410e-05
1.260000000000001e-01	9.999639e-06	2.004409e-05
1.270000000000001e-01	9.999639e-06	2.004408e-05
1.280000000000001e-01	9.999639e-06	2.004406e-05
1.290000000000001e-01	9.999639e-06	2.004405e-05
1.300000000000001e-01	9.999639e-06	2.004404e-05
1.310000000000001e-01	9.999639e-06	2.004402e-05
1.320000000000001e-01	9.999639e-06	2.004401e-05
1.330000000000001e-01	9.999639e-06	2.004400e-05
1.340000000000001e-01	9.999639e-06	2.004398e-05
1.350000000000001e-01	9.999639e-06	2.004397e-05
1.360000000000001e-01	9.999639e-06	2.004396e-05
1.370000000000001e-01	9.999639e-06	2.004394e-05
1.380000000000001e-01	9.999639e-06	2.004393e-05
1.390000000000001e-01	9.999639e-06	2.004392e-05
1.400000000000001e-01	9.999639e-06	2.004391e-05
1.410000000000001e-01	9.999639e-06	2.004389e-05
1.420000000000001e-01	9.999639e-06	2.004388e-05
1.430000000000001e-01	9.999639e-06	2.004387e-05
1.440000000000001e-01	9.999639e-06	2.004385e-05
1.450000000000001e-01	9.999639e-06	2.004384e-05
1.460000000000001e-01	9.999639e-06	2.004383e-05
1.470000000000001e-01	9.999639e-06	2.004381e-05
1.480000000000001e-01	9.999639e-06	2.004380e-05
1.490000000000001e-01	9.999639e-06	2.004379e-05
1.500000000000001e-01	9.999639e-06	2.004378e-05
1.510000000000001e-01	9.999639e-06	2.004376e-05
1.520000000000001e-01	9.999639e-06	2.004375e-05
1.530000000000001e-01	9.999639e-06	2.004374e-05
1.540000000000001e-01	9.999639e-06	2.004372e-05
1.550000000000001e-01	9.999639e-06	2.004371e-05
1.560000000000001e-01	9.999639e-06	2.004370e-05
1.570000000000001e-01	9.999639e-06	2.004368e-05
1.580000000000001e-01	9.999639e-06	2.004367e-05
1.590000000000001e-01	9.999639e-06	2.004366e-05
1.600000000000001e-01	9.999639e-06	2.004364e-05
1.610000000000001e-01	9.999639e-06	2.004363e-05
1.620000000000001e-01	9.999639e-06	2.004362e-05
1.630000000000001e-01	9.999639e-06	2.004361e-05
1.640000000000001e-01	9.999639e-06	2.004359e-05
1.650000000000001e-01	9.999639e-06	2.004358e-05
1.660000000000001e-01	9.999639e-06	2.004357e-05
1.670000000000001e-01	9.999639e-06	2.004355e-05
1.680000000000001e-01	9.999639e-06	2.004354e-05
1.690000000000001e-01	9.999639e-06	2.004353e-05
1.700000000000001e-01	9.999639e-06	2.004351e-05
1.710000000000001e-01	9.999639e-06	2.004350e-05
1.720000000000001e-01	9.999639e-06	2.004349e-05
1.730000000000001e-01	9.999639e-06	2.004348e-05
1.740000000000001e-01	9.999639e-06	2.004346e-05
1.750000000000001e-01	9.999639e-06	2.004345e-05
1.760000000000001e-01	9.999639e-06	2.004344e-05
1.770000000000001e-01	9.999639e-06	2.004342e-05
1.780000000000001e-01	9.999639e-06	2.004341e-05
1.790000000000001e-01	9.999639e-06	2.004340e-05
1.800000000000001e-01	9.999639e-06	2.004338e-05
1.810000000000001e-01	9.999639e-06	2.004337e-05
1.820000000000001e-01	9.999639e-06	2.004336e-05
1.830000000000001e-01	9.999639e-06	2.004334e-05
1.840000000000001e-01	9.999639e-06	2.004333e-05
1.850000000000001e-01	9.999639e-06	2.004332e-05
1.860000000000001e-01	9.999639e-06	2.004330e-05
1.870000000000001e-01	9.999639e-06	2.004329e-05
1.880000000000001e-01	9.999639e-06	2.004328e-05
1.890000000000001e-01	9.999639e-06	2.004327e-05
1.900000000000001e-01	9.999639e-06	2.004325e-05
1.910000000000001e-01	9.999639e-06	2.004324e-05
1.920000000000001e-01	9.999639e-06	2.004323e-05
1.930000000000001e-01	9.999639e-06	2.004321e-05
1.940000000000001e-01	9.999639e-06	2.004320e-05
1.950000000000001e-01	9.999639e-06	2.004319e-05
1.960000000000001e-01	9.999639e-06	2.004318e-05
1.970000000000001e-01	9.999639e-06	2.004316e-05
1.980000000000001e-01	9.999639e-06	2.004315e-05
1.990000000000001e-01	9.999639e-06	2.004314e-05
2.000000000000001e-01	9.999639e-06	2.004312e-05
2.010000000000002e-01	9.999639e-06	2.004311e-05
2.020000000000002e-01	9.999639e-06	2.004309e-05
2.030000000000002e-01	9.999639e-06	2.004308e-05
2.040000000000002e-01	9.999639e-06	2.004307e-05
2.050000000000002e-01	9.999639e-06	2.004306e-05
2.060000000000002e-01	9.999639e-06	2.004304e-05
2.070000000000002e-01	9.999639e-06	2.004303e-05
2.080000000000002e-01	9.999639e-06	2.004302e-05
2.090000000000002e-01	9.999639e-06	2.004300e-05
2.100000000000002e-01	9.999639e-06	2.004299e-05
2.110000000000002e-01	9.999639e-06	2.004298e-05
2.120000000000002e-01	9.999639e-06	2.004297e-05
2.130000000000002e-01	9.999639e-06	2.004295e-05
2.140000000000002e-01	9.999639e-06	2.004294e-05
2.150000000000002e-01	9.999639e-06	2.004293e-05
2.160000000000002e-01	9.999639e-06	2.004291e-05
2.170000000000002e-01	9.999639e-06	2.004290e-05
2.180000000000002e-01	9.999639e-06	2.004289e-05
2.190000000000002e-01	9.999639e-06	2.004287e-05
2.200000000000002e-01	9.999639e-06	2.004286e-05
2.210000000000002e-01	9.999639e-06	2.004285e-05
2.220000000000002e-01	9.999639e-06	2.004283e-05
2.230000000000002e-01	9.999639e-06	2.004282e-05
2.240000000000002e-01	9.999639e-06	2.004281e-05
2.250000000000002e-01	9.999639e-06	2.004279e-05
2.260000000000002e-01	9.999639e-06	2.004278e-05
2.270000000000002e-01	9.999639e-06	2.004277e-05
2.280000000000002e-01	9.999639e-06	2.004276e-05
2.290000000000002e-01	9.999639e-06	2.004274e-05
2.300000000000002e-01	9.999639e-06	2.004273e-05
2.310000000000002e-01	9.999639e-06	2.004272e-05
2.320000000000002e-01	9.999639e-06	2.004270e-05
2.330000000000002e-01	9.999639e-06	2.004269e-05
2.340000000000002e-01	9.999639e-06	2.004268e-05
2.350000000000002e-01	9.999639e-06	2.004266e-05
2.360000000000002e-01	9.999639e-06	2.004265e-05
2.370000000000002e-01	9.999639e-06	2.004264e-05
2.380000000000002e-01	9.999639e-06	2.004263e-05
2.390000000000002e-01	9.999639e-06	2.004261e-05
2.400000000000002e-01	9.999639e-06	2.004260e-05
2.410000000000002e-01	9.999639e-06	2.004259e-05
2.420000000000002e-01	9.999639e-06	2.004257e-05
2.430000000000002e-01	9.999639e-06	2.004256e-05
2.440000000000002e-01	9.999639e-06	2.004255e-05
2.450000000000002e-01	9.999639e-06	2.004253e-05
2.460000000000002e-01	9.999639e-06	2.004252e-05
2.470000000000002e-01	9.999639e-06	2.004251e-05
2.480000000000002e-01	9.999639e-06	2.004249e-05
2.490000000000002e-01	9.999639e-06	2.004248e-05
2.500000000000002e-01	9.999639e-06	2.004247e-05
2.510000000000002e-01	9.999639e-06	2.004245e-05
2.520000000000002e-01	9.999639e-06	2.004244e-05
2.530000000000002e-01	9.999639e-06	2.004243e-05
2.540000000000002e-01	9.999639e-06	2.004241e-05
2.550000000000002e-01	9.999639e-06	2.004240e-05
2.560000000000002e-01	9.999639e-06	2.004239e-05
2.570000000000002e-01	9.999639e-06	2.004238e-05
2.580000000000002e-01	9.999639e-06	2.004236e-05
2.590000000000002e-01	9.999639e-06	2.004235e-05
2.600000000000002e-01	9.999639e-06	2.004234e-05
2.610000000000002e-01	9.999639e-06	2.004232e-05
2.620000000000002e-01	9.999639e-06	2.004231e-05
2.630000000000002e-01	9.999639e-06	2.004230e-05
2.640000000000002e-01	9.999639e-06	2.004228e-05
2.650000000000002e-01	9.999639e-06	2.004227e-05
2.660000000000002e-01	9.999639e-06	2.004226e-05
2.670000000000002e-01	9.999639e-06	2.004225e-05
2.680000000000002e-01	9.999639e-06	2.004223e-05
2.690000000000002e-01	9.999639e-06	2.004222e-05
2.700000000000002e-01	9.999639e-06	2.004221e-05
2.710000000000002e-01	9.999639e-06	2.004219e-05
2.720000000000002e-01	9.999639e-06	2.004218e-05
2.730000000000002e-01	9.999639e-06	2.004217e-05
2.740000000000002e-01	9.999639e-06	2.004215e-05
2.750000000000002e-01	9.999639e-06	2.004214e-05
2.760000000000002e-01	9.999639e-06	2.004213e-05
2.770000000000002e-01	9.999639e-06	2.004211e-05
2.780000000000002e-01	9.999639e-06	2.004210e-05
2.790000000000002e-01	9.999639e-06	2.004209e-05
2.800000000000002e-01	9.999639e-06	2.004207e-05
2.810000000000002e-01	9.999639e-06	2.004206e-05
2.820000000000002e-01	9.999639e-06	2.004205e-05
2.830000000000002e-01	9.999639e-06	2.004203e-05
2.840000000000002e-01	9.999639e-06	2.004202e-05
2.850000000000002e-01	9.999639e-06	2.004201e-05
2.860000000000002e-01	9.999639e-06	2.004200e-05
2.870000000000002e-01	9.999639e-06	2.004198e-05
2.880000000000002e-01	9.999639e-06	2.004197e-05
2.890000000000002e-01	9.999639e-06	2.004196e-05
2.900000000000002e-01	9.999639e-06	2.004194e-05
2.910000000000002e-01	9.999639e-06	2.004193e-05
2.920000000000002e-01	9.999639e-06	2.004192e-05
2.930000000000002e-01	9.999639e-06	2.004190e-05
2.940000000000002e-01	9.999639e-06	2.004189e-05
2.950000000000002e-01	9.999639e-06	2.004188e-05
2.960000000000002e-01	9.999639e-06	2.004186e-05
2.970000000000002e-01	9.999639e-06	2.004185e-05
2.980000000000002e-01	9.999639e-06	2.004184e-05
2.990000000000002e-01	9.999639e-06	2.004183e-05
3.000000000000002e-01	9.999639e-06	2.004181e-05
3.010000000000002e-01	9.999639e-06	2.004180e-05
3.020000000000002e-01	9.999639e-06	2.004179e-05
3.030000000000002e-01	9.999639e-06	2.004177e-05
3.040000000000002e-01	9.999639e-06	2.004176e-05
3.050000000000002e-01	9.999639e-06	2.004175e-05
3.060000000000002e-01	9.999639e-06	2.004173e-05
3.070000000000002e-01	9.999639e-06	2.004172e-05
3.080000000000002e-01	9.999639e-06	2.004171e-05
3.090000000000002e-01	9.999639e-06	2.004169e-05
3.100000000000002e-01	9.999639e-06	2.004168e-05
3.110000000000002e-01	9.999639e-06	2.004167e-05
3.120000000000002e-01	9.999639e-06	2.004165e-05
3.130000000000002e-01	9.999639e-06	2.004164e-05
3.140000000000002e-01	9.999639e-06	2.004163e-05
3.150000000000002e-01	9.999639e-06	2.004161e-05
3.160000000000002e-01	9.999639e-06	2.004160e-05
3.170000000000002e-01	9.999639e-06	2.004159e-05
3.180000000000002e-01	9.999639e-06	2.004157e-05
3.190000000000002e-01	9.999639e-06	2.004156e-05
3.200000000000002e-01	9.999639e-06	2.004155e-05
3.210000000000002e-01	9.999639e-06	2.004154e-05
3.220000000000002e-01	9.999639e-06	2.004152e-05
3.230000000000002e-01	9.999639e-06	2.004151e-05
3.240000000000002e-01	9.999639e-06	2.004150e-05
3.250000000000002e-01	9.999639e-06	2.004148e-05
3.260000000000002e-01	9.999639e-06	2.004147e-05
3.270000000000002e-01	9.999639e-06	2.004146e-05
3.280000000000002e-01	9.999639e-06	2.004144e-05
3.290000000000002e-01	9.999639e-06	2.004143e-05
3.300000000000002e-01	9.999639e-06	2.004142e-05
3.310000000000002e-01	9.999639e-06	2.004140e-05
3.320000000000002e-01	9.999639e-06	2.004139e-05
3.330000000000002e-01	9.999639e-06	2.004138e-05
3.340000000000002e-01	9.999639e-06	2.004137e-05
3.350000000000002e-01	9.999639e-06	2.004135e-05
3.360000000000002e-01	9.999639e-06	2.004134e-05
3.370000000000002e-01	9.999639e-06	2.004133e-05
3.380000000000002e-01	9.999639e-06	2.004131e-05
3.390000000000002e-01	9.999639e-06	2.004130e-05
3.400000000000002e-01	9.999639e-06	2.004129e-05
3.410000000000002e-01	9.999639e-06	2.004127e-05
3.420000000000002e-01	9.999639e-06	2.004126e-05
3.430000000000002e-01	9.999639e-06	2.004125e-05
3.440000000000003e-01	9.999639e-06	2.004123e-05
3.450000000000003e-01	9.999639e-06	2.004122e-05
3.460000000000003e-01	9.999639e-06	2.004121e-05
3.470000000000003e-01	9.999639e-06	2.004119e-05
3.480000000000003e-01	9.999639e-06	2.004118e-05
3.490000000000003e-01	9.999639e-06	2.004117e-05
3.500000000000003e-01	9.999639e-06	2.004115e-05
3.510000000000003e-01	9.999639e-06	2.004114e-05
3.520000000000003e-01	9.999639e-06	2.004113e-05
3.530000000000003e-01	9.999639e-06	2.004111e-05
3.540000000000003e-01	9.999639e-06	2.004110e-05
3.550000000000003e-01	9.999639e-06	2.004109e-05
3.560000000000003e-01	9.999639e-06	2.004107e-05
3.570000000000003e-01	9.999639e-06	2.004106e-05
3.580000000000003e-01	9.999639e-06	2.004105e-05
3.590000000000003e-01	9.999639e-06	2.004104e-05
3.600000000000003e-01	9.999639e-06	2.004102e-05
3.610000000000003e-01	9.999639e-06	2.004101e-05
3.620000000000003e-01	9.999639e-06	2.004100e-05
3.630000000000003e-01	9.999639e-06	2.004098e-05
3.640000000000003e-01	9.999639e-06	2.004097e-05
3.650000000000003e-01	9.999639e-06	2.004096e-05
3.660000000000003e-01	9.999639e-06	2.004094e-05
3.670000000000003e-01	9.999639e-06	2.004093e-05
3.680000000000003e-01	9.999639e-06	2.004092e-05
3.690000000000003e-01	9.999639e-06	2.004090e-05
3.700000000000003e-01	9.999639e-06	2.004089e-05
3.710000000000003e-01	9.999639e-06	2.004088e-05
3.720000000000003e-01	9.999639e-06	2.004086e-05
3.730000000000003e-01	9.999639e-06	2.004085e-05
3.740000000000003e-01	9.999639e-06	2.004084e-05
3.750000000000003e-01	9.999639e-06	2.004082e-05
3.760000000000003e-01	9.999639e-06	2.004081e-05
3.770000000000003e-01	9.999639e-06	2.004080e-05
3.780000000000003e-01	9.999639e-06	2.004078e-05
3.790000000000003e-01	9.999639e-06	2.004077e-05
3.800000000000003e-01	9.999639e-06	2.004076e-05
3.810000000000003e-01	9.999639e-06	2.004074e-05
3.820000000000003e-01	9.999639e-06	2.004073e-05
3.830000000000003e-01	9.999639e-06	2.004072e-05
3.840000000000003e-01	9.999639e-06	2.004070e-05
3.850000000000003e-01	9.999639e-06	2.004069e-05
3.860000000000003e-01	9.999639e-06	2.004068e-05
3.870000000000003e-01	9.999639e-06	2.004067e-05
3.880000000000003e-01	9.999639e-06	2.004065e-05
3.890000000000003e-01	9.999639e-06	2.004064e-05
3.900000000000003e-01	9.999639e-06	2.004063e-05
3.910000000000003e-01	9.999639e-06	2.004061e-05
3.920000000000003e-01	9.999639e-06	2.004060e-05
3.930000000000003e-01	9.999639e-06	2.004059e-05
3.940000000000003e-01	9.999639e-06	2.004057e-05
3.950000000000003e-01	9.999639e-06	2.004056e-05
3.960000000000003e-01	9.999639e-06	2.004055e-05
3.970000000000003e-01	9.999639e-06	2.004053e-05
3.980000000000003e-01	9.999639e-06	2.004052e-05
3.990000000000003e-01	9.999639e-06	2.004051e-05
4.000000000000003e-01	9.999639e-06	2.004049e-05
4.010000000000003e-01	9.999639e-06	2.004048e-05
4.020000000000003e-01	9.999639e-06	2.004047e-05
4.030000000000003e-01	9.999639e-06	2.004045e-05
4.040000000000003e-01	9.999639e-06	2.004044e-05
4.050000000000003e-01	9.999639e-06	2.004043e-05
4.060000000000003e-01	9.999639e-06	2.004041e-05
4.070000000000003e-01	9.999639e-06	2.004040e-05
4.080000000000003e-01	9.999639e-06	2.004039e-05
4.090000000000003e-01	9.999639e-06	2.004038e-05
4.100000000000003e-01	9.999639e-06	2.004036e-05
4.110000000000003e-01	9.999639e-06	2.004035e-05
4.120000000000003e-01	9.999639e-06	2.004034e-05
4.130000000000003e-01	9.999639e-06	2.004032e-05
4.140000000000003e-01	9.999639e-06	2.004031e-05
4.150000000000003e-01	9.999639e-06	2.004030e-05
4.160000000000003e-01	9.999639e-06	2.004028e-05
4.170000000000003e-01	9.999639e-06	2.004027e-05
4.180000000000003e-01	9.999639e-06	2.004026e-05
4.190000000000003e-01	9.999639e-06	2.004024e-05
4.200000000000003e-01	9.999639e-06	2.004023e-05
4.210000000000003e-01	9.999639e-06	2.004022e-05
4.220000000000003e-01	9.999639e-06	2.004020e-05
4.230000000000003e-01	9.999639e-06	2.004019e-05
4.240000000000003e-01	9.999639e-06	2.004018e-05
4.250000000000003e-01	9.999639e-06	2.004016e-05
4.260000000000003e-01	9.999639e-06	2.004015e-05
4.270000000000003e-01	9.999639e-06	2.004014e-05
4.280000000000003e-01	9.999639e-06	2.004012e-05
4.290000000000003e-01	9.999639e-06	2.004011e-05
4.300000000000003e-01	9.999639e-06	2.004010e-05
4.310000000000003e-01	9.999639e-06	2.004008e-05
4.320000000000003e-01	9.999639e-06	2.004007e-05
4.330000000000003e-01	9.999639e-06	2.004006e-05
4.340000000000003e-01	9.999639e-06	2.004004e-05
4.350000000000003e-01	9.999639e-06	2.004003e-05
4.360000000000003e-01	9.999639e-06	2.004002e-05
4.370000000000003e-01	9.999639e-06	2.004000e-05
4.380000000000003e-01	9.999639e-06	2.003999e-05
4.390000000000003e-01	9.999639e-06	2.003998e-05
4.400000000000003e-01	9.999639e-06	2.003996e-05
4.410000000000003e-01	9.999639e-06	2.003995e-05
4.420000000000003e-01	9.999639e-06	2.003994e-05
4.430000000000003e-01	9.999639e-06	2.003992e-05
4.440000000000003e-01	9.999639e-06	2.003991e-05
4.450000000000003e-01	9.999639e-06	2.003990e-05
4.460000000000003e-01	9.999639e-06	2.003988e-05
4.470000000000003e-01	9.999639e-06	2.003987e-05
4.480000000000003e-01	9.999639e-06	2.003986e-05
4.490000000000003e-01	9.999639e-06	2.003984e-05
4.500000000000003e-01	9.999639e-06	2.003983e-05
4.510000000000003e-01	9.999639e-06	2.003982e-05
4.520000000000003e-01	9.999639e-06	2.003980e-05
4.530000000000003e-01	9.999639e-06	2.003979e-05
4.540000000000003e-01	9.999639e-06	2.003978e-05
4.550000000000003e-01	9.999639e-06	2.003977e-05
4.560000000000003e-01	9.999639e-06	2.003975e-05
4.570000000000004e-01	9.999639e-06	2.003974e-05
4.580000000000004e-01	9.999639e-06	2.003973e-05
4.590000000000004e-01	9.999639e-06	2.003971e-05
4.600000000000004e-01	9.999639e-06	2.003970e-05
4.610000000000004e-01	9.999639e-06	2.003969e-05
4.620000000000004e-01	9.999639e-06	2.003967e-05
4.630000000000004e-01	9.999639e-06	2.003966e-05
4.640000000000004e-01	9.999639e-06	2.003965e-05
4.650000000000004e-01	9.999639e-06	2.003963e-05
4.660000000000004e-01	9.999639e-06	2.003962e-05
4.670000000000004e-01	9.999639e-06	2.003961e-05
4.680000000000004e-01	9.999639e-06	2.003959e-05
4.690000000000004e-01	9.999639e-06	2.003958e-05
4.700000000000004e-01	9.999639e-06	2.003957e-05
4.710000000000004e-01	9.999639e-06	2.003955e-05
4.720000000000004e-01	9.999639e-06	2.003954e-05
4.730000000000004e-01	9.999639e-06	2.003953e-05
4.740000000000004e-01	9.999639e-06	2.003951e-05
4.750000000000004e-01	9.999639e-06	2.003950e-05
4.760000000000004e-01	9.999639e-06	2.003949e-05
4.770000000000004e-01	9.999639e-06	2.003947e-05
4.780000000000004e-01	9.999639e-06	2.003946e-05
4.790000000000004e-01	9.999639e-06	2.003945e-05
4.800000000000004e-01	9.999639e-06	2.003943e-05
4.810000000000004e-01	9.999639e-06	2.003942e-05
4.820000000000004e-01	9.999639e-06	2.003941e-05
4.830000000000004e-01	9.999639e-06	2.003939e-05
4.840000000000004e-01	9.999639e-06	2.003938e-05
4.850000000000004e-01	9.999639e-06	2.003937e-05
4.860000000000004e-01	9.999639e-06	2.003935e-05
4.870000000000004e-01	9.999639e-06	2.003934e-05
4.880000000000004e-01	9.999639e-06	2.003933e-05
4.890000000000004e-01	9.999639e-06	2.003931e-05
4.900000000000004e-01	9.999639e-06	2.003930e-05
4.910000000000004e-01	9.999639e-06	2.003929e-05
4.920000000000004e-01	9.999639e-06	2.003927e-05
4.930000000000004e-01	9.999639e-06	2.003926e-05
4.940000000000004e-01	9.999639e-06	2.003925e-05
4.950000000000004e-01	9.999639e-06	2.003923e-05
4.960000000000004e-01	9.999639e-06	2.003922e-05
4.970000000000004e-01	9.999639e-06	2.003921e-05
4.980000000000004e-01	9.999639e-06	2.003919e-05
4.990000000000004e-01	9.999639e-06	2.003918e-05
5.000000000000003e-01	9.999639e-06	2.003917e-05
5.010000000000003e-01	9.999639e-06	2.003915e-05
5.020000000000003e-01	9.999639e-06	2.003914e-05
5.030000000000003e-01	9.999639e-06	2.003913e-05
5.040000000000003e-01	9.999639e-06	2.003911e-05
5.050000000000003e-01	9.999639e-06	2.003910e-05
5.060000000000003e-01	9.999639e-06	2.003909e-05
5.070000000000003e-01	9.999639e-06	2.003907e-05
5.080000000000003e-01	9.999639e-06	2.003906e-05
5.090000000000003e-01	9.999639e-06	2.003905e-05
5.100000000000003e-01	9.999639e-06	2.003903e-05
5.110000000000003e-01	9.999639e-06	2.003902e-05
5.120000000000003e-01	9.999639e-06	2.003901e-05
5.130000000000003e-01	9.999639e-06	2.003899e-05
5.140000000000003e-01	9.999639e-06	2.003898e-05
5.150000000000003e-01	9.999639e-06	2.003897e-05
5.160000000000003e-01	9.999639e-06	2.003895e-05
5.170000000000003e-01	9.999639e-06	2.003894e-05
5.180000000000003e-01	9.999639e-06	2.003893e-05
5.190000000000003e-01	9.999639e-06	2.003891e-05
5.200000000000004e-01	9.999639e-06	2.003890e-05
5.210000000000004e-01	9.999639e-06	2.003889e-05
5.220000000000004e-01	9.999639e-06	2.003887e-05
5.230000000000004e-01	9.999639e-06	2.003886e-05
5.240000000000004e-01	9.999639e-06	2.003885e-05
5.250000000000004e-01	9.999639e-06	2.003883e-05
5.260000000000004e-01	9.999639e-06	2.003882e-05
5.270000000000004e-01	9.999639e-06	2.003881e-05
5.280000000000004e-01	9.999639e-06	2.003879e-05
5.290000000000004e-01	9.999639e-06	2.003878e-05
5.300000000000004e-01	9.999639e-06	2.003877e-05
5.310000000000004e-01	9.999639e-06	2.003875e-05
5.320000000000004e-01	9.999639e-06	2.003874e-05
5.330000000000004e-01	9.999639e-06	2.003873e-05
5.340000000000004e-01	9.999639e-06	2.003871e-05
5.350000000000004e-01	9.999639e-06	2.003870e-05
5.360000000000004e-01	9.999639e-06	2.003869e-05
5.370000000000004e-01	9.999639e-06	2.003867e-05
5.380000000000004e-01	9.999639e-06	2.003866e-05
5.390000000000004e-01	9.999639e-06	2.003865e-05
5.400000000000004e-01	9.999639e-06	2.003863e-05
5.410000000000004e-01	9.999639e-06	2.003862e-05
5.420000000000004e-01	9.999639e-06	2.003861e-05
5.430000000000004e-01	9.999639e-06	2.003859e-05
5.440000000000004e-01	9.999639e-06	2.003858e-05
5.450000000000004e-01	9.999639e-06	2.003857e-05
5.460000000000004e-01	9.999639e-06	2.003855e-05
5.470000000000004e-01	9.999639e-06	2.003854e-05
5.480000000000004e-01	9.999639e-06	2.003853e-05
5.490000000000004e-01	9.999639e-06	2.003851e-05
5.500000000000004e-01	9.999639e-06	2.003850e-05
5.510000000000004e-01	9.999639e-06	2.003849e-05
5.520000000000004e-01	9.999639e-06	2.003847e-05
5.530000000000004e-01	9.999639e-06	2.003846e-05
5.540000000000004e-01	9.999639e-06	2.003845e-05
5.550000000000004e-01	9.999639e-06	2.003843e-05
5.560000000000004e-01	9.999639e-06	2.003842e-05
5.570000000000004e-01	9.999639e-06	2.003840e-05
5.580000000000004e-01	9.999639e-06	2.003839e-05
5.590000000000004e-01	9.999639e-06	2.003838e-05
5.600000000000004e-01	9.999639e-06	2.003836e-05
5.610000000000004e-01	9.999639e-06	2.003835e-05
5.620000000000004e-01	9.999639e-06	2.003834e-05
5.630000000000004e-01	9.999639e-06	2.003832e-05
5.640000000000004e-01	9.999639e-06	2.003831e-05
5.650000000000004e-01	9.999639e-06	2.003830e-05
5.660000000000004e-01	9.999639e-06	2.003828e-05
5.670000000000004e-01	9.999639e-06	2.003827e-05
5.680000000000004e-01	9.999639e-06	2.003826e-05
5.690000000000004e-01	9.999639e-06	2.003824e-05
5.700000000000004e-01	9.999639e-06	2.003823e-05
5.710000000000004e-01	9.999639e-06	2.003822e-05
5.720000000000004e-01	9.999639e-06	2.003820e-05
5.730000000000004e-01	9.999639e-06	2.003819e-05
5.740000000000004e-01	9.999639e-06	2.003818e-05
5.750000000000004e-01	9.999639e-06	2.003816e-05
5.760000000000004e-01	9.999639e-06	2.003815e-05
5.770000000000004e-01	9.999639e-06	2.003814e-05
5.780000000000004e-01	9.999639e-06	2.003812e-05
5.790000000000004e-01	9.999639e-06	2.003811e-05
5.800000000000004e-01	9.999639e-06	2.003810e-05
5.810000000000004e-01	9.999639e-06	2.003808e-05
5.820000000000004e-01	9.999639e-06	2.003807e-05
5.830000000000004e-01	9.999639e-06	2.003805e-05
5.840000000000004e-01	9.999639e-06	2.003804e-05
5.850000000000004e-01	9.999639e-06	2.003803e-05
5.860000000000004e-01	9.999639e-06	2.003801e-05
5.870000000000004e-01	9.999639e-06	2.003800e-05
5.880000000000004e-01	9.999639e-06	2.003799e-05
5.890000000000004e-01	9.999639e-06	2.003797e-05
5.900000000000004e-01	9.999639e-06	2.003796e-05
5.910000000000004e-01	9.999639e-06	2.003795e-05
5.920000000000004e-01	9.999639e-06	2.003793e-05
5.930000000000004e-01	9.999639e-06	2.003792e-05
5.940000000000004e-01	9.999639e-06	2.003791e-05
5.950000000000004e-01	9.999639e-06	2.003789e-05
5.960000000000004e-01	9.999639e-06	2.003788e-05
5.970000000000004e-01	9.999639e-06	2.003787e-05
5.980000000000004e-01	9.999639e-06	2.003785e-05
5.990000000000004e-01	9.999639e-06	2.003784e-05
6.000000000000004e-01	9.999639e-06	2.003783e-05
6.010000000000004e-01	9.999639e-06	2.003781e-05
6.020000000000004e-01	9.999639e-06	2.003780e-05
6.030000000000004e-01	9.999639e-06	2.003779e-05
6.040000000000004e-01	9.999639e-06	2.003777e-05
6.050000000000004e-01	9.999639e-06	2.003776e-05
6.060000000000004e-01	9.999639e-06	2.003775e-05
6.070000000000004e-01	9.999639e-06	2.003773e-05
6.080000000000004e-01	9.999639e-06	2.003772e-05
6.090000000000004e-01	9.999639e-06	2.003770e-05
6.100000000000004e-01	9.999639e-06	2.003769e-05
6.110000000000004e-01	9.999639e-06	2.003768e-05
6.120000000000004e-01	9.999639e-06	2.003766e-05
6.130000000000004e-01	9.999639e-06	2.003765e-05
6.140000000000004e-01	9.999639e-06	2.003764e-05
6.150000000000004e-01	9.999639e-06	2.003762e-05
6.160000000000004e-01	9.999639e-06	2.003761e-05
6.170000000000004e-01	9.999639e-06	2.003760e-05
6.180000000000004e-01	9.999639e-06	2.003758e-05
6.190000000000004e-01	9.999639e-06	2.003757e-05
6.200000000000004e-01	9.999639e-06	2.003755e-05
6.210000000000004e-01	9.999639e-06	2.003754e-05
6.220000000000004e-01	9.999639e-06	2.003753e-05
6.230000000000004e-01	9.999639e-06	2.003751e-05
6.240000000000004e-01	9.999639e-06	2.003750e-05
6.250000000000004e-01	9.999639e-06	2.003749e-05
6.260000000000004e-01	9.999639e-06	2.003747e-05
6.270000000000004e-01	9.999639e-06	2.003746e-05
6.280000000000004e-01	9.999639e-06	2.003745e-05
6.290000000000004e-01	9.999639e-06	2.003743e-05
6.300000000000004e-01	9.999639e-06	2.003742e-05
6.310000000000004e-01	9.999639e-06	2.003741e-05
6.320000000000005e-01	9.999639e-06	2.003739e-05
6.330000000000005e-01	9.999639e-06	2.003738e-05
6.340000000000005e-01	9.999639e-06	2.003737e-05
6.350000000000005e-01	9.999639e-06	2.003735e-05
6.360000000000005e-01	9.999639e-06	2.003734e-05
6.370000000000005e-01	9.999639e-06	2.003732e-05
6.380000000000005e-01	9.999639e-06	2.003731e-05
6.390000000000005e-01	9.999639e-06	2.003730e-05
6.400000000000005e-01	9.999639e-06	2.003728e-05
6.410000000000005e-01	9.999639e-06	2.003727e-05
6.420000000000005e-01	9.999639e-06	2.003726e-05
6.430000000000005e-01	9.999639e-06	2.003724e-05
6.440000000000005e-01	9.999639e-06	2.003723e-05
6.450000000000005e-01	9.999639e-06	2.003721e-05
6.460000000000005e-01	9.999639e-06	2.003720e-05
6.470000000000005e-01	9.999639e-06	2.003719e-05
6.480000000000005e-01	9.999639e-06	2.003717e-05
6.490000000000005e-01	9.999639e-06	2.003716e-05
6.500000000000005e-01	9.999639e-06	2.003715e-05
6.510000000000005e-01	9.999639e-06	2.003713e-05
6.520000000000005e-01	9.999639e-06	2.003712e-05
6.530000000000005e-01	9.999639e-06	2.003711e-05
6.540000000000005e-01	9.999639e-06	2.003709e-05
6.550000000000005e-01	9.999639e-06	2.003708e-05
6.560000000000005e-01	9.999639e-06	2.003707e-05
6.570000000000005e-01	9.999639e-06	2.003705e-05
6.580000000000005e-01	9.999639e-06	2.003704e-05
6.590000000000005e-01	9.999639e-06	2.003702e-05
6.600000000000005e-01	9.999639e-06	2.003701e-05
6.610000000000005e-01	9.999639e-06	2.003700e-05
6.620000000000005e-01	9.999639e-06	2.003698e-05
6.630000000000005e-01	9.999639e-06	2.003697e-05
6.640000000000005e-01	9.999639e-06	2.003695e-05
6.650000000000005e-01	9.999639e-06	2.003694e-05
6.660000000000005e-01	9.999639e-06	2.003693e-05
6.670000000000005e-01	9.999639e-06	2.003691e-05
6.680000000000005e-01	9.999639e-06	2.003690e-05
6.690000000000005e-01	9.999639e-06	2.003689e-05
6.700000000000005e-01	9.999639e-06	2.003687e-05
6.710000000000005e-01	9.999639e-06	2.003686e-05
6.720000000000005e-01	9.999639e-06	2.003684e-05
6.730000000000005e-01	9.999639e-06	2.003683e-05
6.740000000000005e-01	9.999639e-06	2.003682e-05
6.750000000000005e-01	9.999639e-06	2.003680e-05
6.760000000000005e-01	9.999639e-06	2.003679e-05
6.770000000000005e-01	9.999639e-06	2.003678e-05
6.780000000000005e-01	9.999639e-06	2.003676e-05
6.790000000000005e-01	9.999639e-06	2.003675e-05
6.800000000000005e-01	9.999639e-06	2.003674e-05
6.810000000000005e-01	9.999639e-06	2.003672e-05
6.820000000000005e-01	9.999639e-06	2.003671e-05
6.830000000000005e-01	9.999639e-06	2.003669e-05
6.840000000000005e-01	9.999639e-06	2.003668e-05
6.850000000000005e-01	9.999639e-06	2.003667e-05
6.860000000000005e-01	9.999639e-06	2.003665e-05
6.870000000000005e-01	9.999639e-06	2.003664e-05
6.880000000000005e-01	9.999639e-06	2.003662e-05
6.890000000000005e-01	9.999639e-06	2.003661e-05
6.900000000000005e-01	9.999639e-06	2.003660e-05
6.910000000000005e-01	9.999639e-06	2.003658e-05
6.920000000000005e-01	9.999639e-06	2.003657e-05
6.930000000000005e-01	9.999639e-06	2.003656e-05
6.940000000000005e-01	9.999639e-06	2.003654e-05
6.950000000000005e-01	9.999639e-06	2.003653e-05
6.960000000000005e-01	9.999639e-06	2.003651e-05
6.970000000000005e-01	9.999639e-06	2.003650e-05
6.980000000000005e-01	9.999639e-06	2.003649e-05
6.990000000000005e-01	9.999639e-06	2.003647e-05
7.000000000000005e-01	9.999639e-06	2.003646e-05
7.010000000000005e-01	9.999639e-06	2.003644e-05
7.020000000000005e-01	9.999639e-06	2.003643e-05
7.030000000000005e-01	9.999639e-06	2.003642e-05
7.040000000000005e-01	9.999639e-06	2.003640e-05
7.050000000000005e-01	9.999639e-06	2.003639e-05
7.060000000000005e-01	9.999639e-06	2.003638e-05
7.070000000000005e-01	9.999639e-06	2.003636e-05
7.080000000000005e-01	9.999639e-06	2.003635e-05
7.090000000000005e-01	9.999639e-06	2.003633e-05
7.100000000000005e-01	9.999639e-06	2.003632e-05
7.110000000000005e-01	9.999639e-06	2.003630e-05
7.120000000000005e-01	9.999639e-06	2.003629e-05
7.130000000000005e-01	9.999639e-06	2.003628e-05
7.140000000000005e-01	9.999639e-06	2.003626e-05
7.150000000000005e-01	9.999639e-06	2.003625e-05
7.160000000000005e-01	9.999639e-06	2.003624e-05
7.170000000000005e-01	9.999639e-06	2.003622e-05
7.180000000000005e-01	9.999639e-06	2.003621e-05
7.190000000000005e-01	9.999639e-06	2.003619e-05
7.200000000000005e-01	9.999639e-06	2.003618e-05
7.210000000000005e-01	9.999639e-06	2.003616e-05
7.220000000000005e-01	9.999639e-06	2.003615e-05
7.230000000000005e-01	9.999639e-06	2.003614e-05
7.240000000000005e-01	9.999639e-06	2.003612e-05
7.250000000000005e-01	9.999639e-06	2.003611e-05
7.260000000000005e-01	9.999639e-06	2.003610e-05
7.270000000000005e-01	9.999639e-06	2.003608e-05
7.280000000000005e-01	9.999639e-06	2.003607e-05
7.290000000000005e-01	9.999639e-06	2.003605e-05
7.300000000000005e-01	9.999639e-06	2.003604e-05
7.310000000000005e-01	9.999639e-06	2.003602e-05
7.320000000000005e-01	9.999639e-06	2.003601e-05
7.330000000000005e-01	9.999639e-06	2.003600e-05
7.340000000000005e-01	9.999639e-06	2.003598e-05
7.350000000000005e-01	9.999639e-06	2.003597e-05
7.360000000000005e-01	9.999639e-06	2.003595e-05
7.370000000000005e-01	9.999639e-06	2.003594e-05
7.380000000000005e-01	9.999639e-06	2.003593e-05
7.390000000000005e-01	9.999639e-06	2.003591e-05
7.400000000000005e-01	9.999639e-06	2.003590e-05
7.410000000000005e-01	9.999639e-06	2.003588e-05
7.420000000000005e-01	9.999639e-06	2.003587e-05
7.430000000000005e-01	9.999639e-06	2.003586e-05
7.440000000000005e-01	9.999639e-06	2.003584e-05
7.450000000000006e-01	9.999639e-06	2.003583e-05
7.460000000000006e-01	9.999639e-06	2.003581e-05
7.470000000000006e-01	9.999639e-06	2.003580e-05
7.480000000000006e-01	9.999639e-06	2.003578e-05
7.490000000000006e-01	9.999639e-06	2.003577e-05
7.500000000000006e-01	9.999639e-06	2.003576e-05
7.510000000000006e-01	9.999639e-06	2.003574e-05
7.520000000000006e-01	9.999639e-06	2.003573e-05
7.530000000000006e-01	9.999639e-06	2.003571e-05
7.540000000000006e-01	9.999639e-06	2.003570e-05
7.550000000000006e-01	9.999639e-06	2.003568e-05
7.560000000000006e-01	9.999639e-06	2.003567e-05
7.570000000000006e-01	9.999639e-06	2.003566e-05
7.580000000000006e-01	9.999639e-06	2.003564e-05
7.590000000000006e-01	9.999639e-06	2.003563e-05
7.600000000000006e-01	9.999639e-06	2.003561e-05
7.610000000000006e-01	9.999639e-06	2.003560e-05
7.620000000000006e-01	9.999639e-06	2.003558e-05
7.630000000000006e-01	9.999639e-06	2.003557e-05
7.640000000000006e-01	9.999639e-06	2.003556e-05
7.650000000000006e-01	9.999639e-06	2.003554e-05
7.660000000000006e-01	9.999639e-06	2.003553e-05
7.670000000000006e-01	9.999639e-06	2.003551e-05
7.680000000000006e-01	9.999639e-06	2.003550e-05
7.690000000000006e-01	9.999639e-06	2.003548e-05
7.700000000000006e-01	9.999639e-06	2.003547e-05
7.710000000000006e-01	9.999639e-06	2.003545e-05
7.720000000000006e-01	9.999639e-06	2.003544e-05
7.730000000000006e-01	9.999639e-06	2.003542e-05
7.740000000000006e-01	9.999639e-06	2.003541e-05
7.750000000000006e-01	9.999639e-06	2.003540e-05
7.760000000000006e-01	9.999639e-06	2.003538e-05
7.770000000000006e-01	9.999639e-06	2.003537e-05
7.780000000000006e-01	9.999639e-06	2.003535e-05
7.790000000000006e-01	9.999639e-06	2.003534e-05
7.800000000000006e-01	9.999639e-06	2.003532e-05
7.810000000000006e-01	9.999639e-06	2.003531e-05
7.820000000000006e-01	9.999639e-06	2.003529e-05
7.830000000000006e-01	9.999639e-06	2.003528e-05
7.840000000000006e-01	9.999639e-06	2.003526e-05
7.850000000000006e-01	9.999639e-06	2.003525e-05
7.860000000000006e-01	9.999639e-06	2.003524e-05
7.870000000000006e-01	9.999639e-06	2.003522e-05
7.880000000000006e-01	9.999639e-06	2.003521e-05
7.890000000000006e-01	9.999639e-06	2.003519e-05
7.900000000000006e-01	9.999639e-06	2.003518e-05
7.910000000000006e-01	9.999639e-06	2.003516e-05
7.920000000000006e-01	9.999639e-06	2.003515e-05
7.930000000000006e-01	9.999639e-06	2.003513e-05
7.940000000000006e-01	9.999639e-06	2.003512e-05
7.950000000000006e-01	9.999639e-06	2.003510e-05
7.960000000000006e-01	9.999639e-06	2.003509e-05
7.970000000000006e-01	9.999639e-06	2.003507e-05
7.980000000000006e-01	9.999639e-06	2.003506e-05
7.990000000000006e-01	9.999639e-06	2.003504e-05
8.000000000000006e-01	9.999639e-06	2.003503e-05
8.010000000000006e-01	9.999639e-06	2.003501e-05
8.020000000000006e-01	9.999639e-06	2.003500e-05
8.030000000000006e-01	9.999639e-06	2.003498e-05
8.040000000000006e-01	9.999639e-06	2.003497e-05
8.050000000000006e-01	9.999639e-06	2.003495e-05
8.060000000000006e-01	9.999639e-06	2.003494e-05
8.070000000000006e-01	9.999639e-06	2.003492e-05
8.080000000000006e-01	9.999639e-06	2.003491e-05
8.090000000000006e-01	9.999639e-06	2.003489e-05
8.100000000000006e-01	9.999639e-06	2.003488e-05
8.110000000000006e-01	9.999639e-06	2.003486e-05
8.120000000000006e-01	9.999639e-06	2.003485e-05
8.130000000000006e-01	9.999639e-06	2.003483e-05
8.140000000000006e-01	9.999639e-06	2.003482e-05
8.150000000000006e-01	9.999639e-06	2.003480e-05
8.160000000000006e-01	9.999639e-06	2.003479e-05
8.170000000000006e-01	9.999639e-06	2.003477e-05
8.180000000000006e-01	9.999639e-06	2.003476e-05
8.190000000000006e-01	9.999639e-06	2.003474e-05
8.200000000000006e-01	9.999639e-06	2.003473e-05
8.210000000000006e-01	9.999639e-06	2.003471e-05
8.220000000000006e-01	9.999639e-06	2.003469e-05
8.230000000000006e-01	9.999639e-06	2.003468e-05
8.240000000000006e-01	9.999639e-06	2.003466e-05
8.250000000000006e-01	9.999639e-06	2.003465e-05
8.260000000000006e-01	9.999639e-06	2.003463e-05
8.270000000000006e-01	9.999639e-06	2.003462e-05
8.280000000000006e-01	9.999639e-06	2.003460e-05
8.290000000000006e-01	9.999639e-06	2.003459e-05
8.300000000000006e-01	9.999639e-06	2.003457e-05
8.310000000000006e-01	9.999639e-06	2.003455e-05
8.320000000000006e-01	9.999639e-06	2.003454e-05
8.330000000000006e-01	9.999639e-06	2.003452e-05
8.340000000000006e-01	9.999639e-06	2.003451e-05
8.350000000000006e-01	9.999639e-06	2.003449e-05
8.360000000000006e-01	9.999639e-06	2.003448e-05
8.370000000000006e-01	9.999639e-06	2.003446e-05
8.380000000000006e-01	9.999639e-06	2.003445e-05
8.390000000000006e-01	9.999639e-06	2.003443e-05
8.400000000000006e-01	9.999639e-06	2.003441e-05
8.410000000000006e-01	9.999639e-06	2.003440e-05
8.420000000000006e-01	9.999639e-06	2.003438e-05
8.430000000000006e-01	9.999639e-06	2.003437e-05
8.440000000000006e-01	9.999639e-06	2.003435e-05
8.450000000000006e-01	9.999639e-06	2.003433e-05
8.460000000000006e-01	9.999639e-06	2.003432e-05
8.470000000000006e-01	9.999639e-06	2.003430e-05
8.480000000000006e-01	9.999639e-06	2.003429e-05
8.490000000000006e-01	9.999639e-06	2.003427e-05
8.500000000000006e-01	9.999639e-06	2.003425e-05
8.510000000000006e-01	9.999639e-06	2.003424e-05
8.520000000000006e-01	9.999639e-06	2.003422e-05
8.530000000000006e-01	9.999639e-06	2.003420e-05
8.540000000000006e-01	9.999639e-06	2.003419e-05
8.550000000000006e-01	9.999639e-06	2.003417e-05
8.560000000000006e-01	9.999639e-06	2.003415e-05
8.570000000000007e-01	9.999639e-06	2.003414e-05
8.580000000000007e-01	9.999639e-06	2.003412e-05
8.590000000000007e-01	9.999639e-06	2.003411e-05
8.600000000000007e-01	9.999639e-06	2.003409e-05
8.610000000000007e-01	9.999639e-06	2.003407e-05
8.620000000000007e-01	9.999639e-06	2.003406e-05
8.630000000000007e-01	9.999639e-06	2.003404e-05
8.640000000000007e-01	9.999639e-06	2.003402e-05
8.650000000000007e-01	9.999639e-06	2.003401e-05
8.660000000000007e-01	9.999639e-06	2.003399e-05
8.670000000000007e-01	9.999639e-06	2.003397e-05
8.680000000000007e-01	9.999639e-06	2.003395e-05
8.690000000000007e-01	9.999639e-06	2.003394e-05
8.700000000000007e-01	9.999639e-06	2.003392e-05
8.710000000000007e-01	9.999639e-06	2.003390e-05
8.720000000000007e-01	9.999639e-06	2.003389e-05
8.730000000000007e-01	9.999639e-06	2.003387e-05
8.740000000000007e-01	9.999639e-06	2.003385e-05
8.750000000000007e-01	9.999639e-06	2.003383e-05
8.760000000000007e-01	9.999639e-06	2.003382e-05
8.770000000000007e-01	9.999639e-06	2.003380e-05
8.780000000000007e-01	9.999639e-06	2.003378e-05
8.790000000000007e-01	9.999639e-06	2.003376e-05
8.800000000000007e-01	9.999639e-06	2.003375e-05
8.810000000000007e-01	9.999639e-06	2.003373e-05
8.820000000000007e-01	9.999639e-06	2.003371e-05
8.830000000000007e-01	9.999639e-06	2.003369e-05
8.840000000000007e-01	9.999639e-06	2.003367e-05
8.850000000000007e-01	9.999639e-06	2.003366e-05
8.860000000000007e-01	9.999639e-06	2.003364e-05
8.870000000000007e-01	9.999639e-06	2.003362e-05
8.880000000000007e-01	9.999639e-06	2.003360e-05
8.890000000000007e-01	9.999639e-06	2.003358e-05
8.900000000000007e-01	9.999639e-06	2.003357e-05
8.910000000000007e-01	9.999639e-06	2.003355e-05
8.920000000000007e-01	9.999639e-06	2.003353e-05
8.930000000000007e-01	9.999639e-06	2.003351e-05
8.940000000000007e-01	9.999639e-06	2.003349e-05
8.950000000000007e-01	9.999639e-06	2.003347e-05
8.960000000000007e-01	9.999639e-06	2.003345e-05
8.970000000000007e-01	9.999639e-06	2.003343e-05
8.980000000000007e-01	9.999639e-06	2.003341e-05
8.990000000000007e-01	9.999639e-06	2.003340e-05
9.000000000000007e-01	9.999639e-06	2.003338e-05
9.010000000000007e-01	9.999639e-06	2.003336e-05
9.020000000000007e-01	9.999639e-06	2.003334e-05
9.030000000000007e-01	9.999639e-06	2.003332e-05
9.040000000000007e-01	9.999639e-06	2.003330e-05
9.050000000000007e-01	9.999639e-06	2.003328e-05
9.060000000000007e-01	9.999639e-06	2.003326e-05
9.070000000000007e-01	9.999639e-06	2.003324e-05
9.080000000000007e-01	9.999639e-06	2.003322e-05
9.090000000000007e-01	9.999639e-06	2.003320e-05
9.100000000000007e-01	9.999639e-06	2.003318e-05
9.110000000000007e-01	9.999639e-06	2.003316e-05
9.120000000000007e-01	9.999639e-06	2.003314e-05
9.130000000000007e-01	9.999639e-06	2.003312e-05
9.140000000000007e-01	9.999639e-06	2.003310e-05
9.150000000000007e-01	9.999639e-06	2.003308e-05
9.160000000000007e-01	9.999639e-06	2.003305e-05
9.170000000000007e-01	9.999639e-06	2.003303e-05
9.180000000000007e-01	9.999639e-06	2.003301e-05
9.190000000000007e-01	9.999639e-06	2.003299e-05
9.200000000000007e-01	9.999639e-06	2.003297e-05
9.210000000000007e-01	9.999639e-06	2.003295e-05
9.220000000000007e-01	9.999639e-06	2.003293e-05
9.230000000000007e-01	9.999639e-06	2.003290e-05
9.240000000000007e-01	9.999639e-06	2.003288e-05
9.250000000000007e-01	9.999639e-06	2.003286e-05
9.260000000000007e-01	9.999639e-06	2.003284e-05
9.270000000000007e-01	9.999639e-06	2.003281e-05
9.280000000000007e-01	9.999639e-06	2.003279e-05
9.290000000000007e-01	9.999639e-06	2.003277e-05
9.300000000000007e-01	9.999639e-06	2.003274e-05
9.310000000000007e-01	9.999639e-06	2.003272e-05
9.320000000000007e-01	9.999639e-06	2.003270e-05
9.330000000000007e-01	9.999639e-06	2.003267e-05
9.340000000000007e-01	9.999639e-06	2.003265e-05
9.350000000000007e-01	9.999639e-06	2.003262e-05
9.360000000000007e-01	9.999639e-06	2.003260e-05
9.370000000000007e-01	9.999639e-06	2.003258e-05
9.380000000000007e-01	9.999639e-06	2.003255e-05
9.390000000000007e-01	9.999639e-06	2.003253e-05
9.400000000000007e-01	9.999639e-06	2.003250e-05
9.410000000000007e-01	9.999639e-06	2.003248e-05
9.420000000000007e-01	9.999639e-06	2.003245e-05
9.430000000000007e-01	9.999639e-06	2.003242e-05
9.440000000000007e-01	9.999639e-06	2.003240e-05
9.450000000000007e-01	9.999639e-06	2.003237e-05
9.460000000000007e-01	9.999639e-06	2.003234e-05
9.470000000000007e-01	9.999639e-06	2.003232e-05
9.480000000000007e-01	9.999639e-06	2.003229e-05
9.490000000000007e-01	9.999639e-06	2.003226e-05
9.500000000000007e-01	9.999639e-06	2.003224e-05
9.510000000000007e-01	9.999639e-06	2.003221e-05
9.520000000000007e-01	9.999639e-06	2.003218e-05
9.530000000000007e-01	9.999639e-06	2.003215e-05
9.540000000000007e-01	9.999639e-06	2.003212e-05
9.550000000000007e-01	9.999639e-06	2.003209e-05
9.560000000000007e-01	9.999639e-06	2.003206e-05
9.570000000000007e-01	9.999639e-06	2.003203e-05
9.580000000000007e-01	9.999639e-06	2.003200e-05
9.590000000000007e-01	9.999639e-06	2.003197e-05
9.600000000000007e-01	9.999639e-06	2.003194e-05
9.610000000000007e-01	9.999639e-06	2.003191e-05
9.620000000000007e-01	9.999639e-06	2.003188e-05
9.630000000000007e-01	9.999639e-06	2.003184e-05
9.640000000000007e-01	9.999639e-06	2.003181e-05
9.650000000000007e-01	9.999639e-06	2.003178e-05
9.660000000000007e-01	9.999639e-06	2.003175e-05
9.670000000000007e-01	9.999639e-06	2.003171e-05
9.680000000000007e-01	9.999639e-06	2.003168e-05
9.690000000000007e-01	9.999639e-06	2.003164e-05
9.700000000000008e-01	9.999639e-06	2.003161e-05
9.710000000000008e-01	9.999639e-06	2.003157e-05
9.720000000000008e-01	9.999639e-06	2.003154e-05
9.730000000000008e-01	9.999639e-06	2.003150e-05
9.740000000000008e-01	9.999639e-06	2.003146e-05
9.750000000000008e-01	9.999639e-06	2.003142e-05
9.760000000000008e-01	9.999639e-06	2.003138e-05
9.770000000000008e-01	9.999639e-06	2.003134e-05
9.780000000000008e-01	9.999639e-06	2.003130e-05
9.790000000000008e-01	9.999639e-06	2.003126e-05
9.800000000000008e-01	9.999639e-06	2.003122e-05
9.810000000000008e-01	9.999639e-06	2.003118e-05
9.820000000000008e-01	9.999639e-06	2.003114e-05
9.830000000000008e-01	9.999639e-06	2.003110e-05
9.840000000000008e-01	9.999639e-06	2.003105e-05
9.850000000000008e-01	9.999639e-06	2.003101e-05
9.860000000000008e-01	9.999639e-06	2.003096e-05
9.870000000000008e-01	9.999639e-06	2.003092e-05
9.880000000000008e-01	9.999639e-06	2.003087e-05
9.890000000000008e-01	9.999639e-06	2.003082e-05
9.900000000000008e-01	9.999639e-06	2.003077e-05
9.910000000000008e-01	9.999639e-06	2.003073e-05
9.920000000000008e-01	9.999639e-06	2.003067e-05
9.930000000000008e-01	9.999639e-06	2.003062e-05
9.940000000000008e-01	9.999639e-06	2.003057e-05
9.950000000000008e-01	9.999639e-06	2.003052e-05
9.960000000000008e-01	9.999639e-06	2.003046e-05
9.970000000000008e-01	9.999639e-06	2.003041e-05
9.980000000000008e-01	9.999639e-06	2.003035e-05
9.990000000000008e-01	9.999639e-06	2.003030e-05
1.000000000000001e+00	9.999639e-06	2.003024e-05
1.001000000000001e+00	9.999639e-06	2.003018e-05
1.002000000000000e+00	9.999639e-06	2.003012e-05
1.003000000000000e+00	9.999639e-06	2.003006e-05
1.004000000000000e+00	9.999639e-06	2.002999e-05
1.005000000000000e+00	9.999639e-06	2.002993e-05
1.006000000000000e+00	9.999639e-06	2.002986e-05
1.007000000000000e+00	9.999639e-06	2.002980e-05
1.008000000000000e+00	9.999639e-06	2.002973e-05
1.009000000000000e+00	9.999639e-06	2.002966e-05
1.010000000000000e+00	9.999639e-06	2.002959e-05
1.010999999999999e+00	9.999639e-06	2.002951e-05
1.011999999999999e+00	9.999639e-06	2.002944e-05
1.012999999999999e+00	9.999639e-06	2.002936e-05
1.013999999999999e+00	9.999639e-06	2.002929e-05
1.014999999999999e+00	9.999639e-06	2.002921e-05
1.015999999999999e+00	9.999639e-06	2.002913e-05
1.016999999999999e+00	9.999639e-06	2.002904e-05
1.017999999999999e+00	9.999639e-06	2.002896e-05
1.018999999999999e+00	9.999639e-06	2.002887e-05
1.019999999999998e+00	9.999639e-06	2.002878e-05
1.020999999999998e+00	9.999639e-06	2.002869e-05
1.021999999999998e+00	9.999639e-06	2.002860e-05
1.022999999999998e+00	9.999639e-06	2.002850e-05
1.023999999999998e+00	9.999639e-06	2.002840e-05
1.024999999999998e+00	9.999639e-06	2.002830e-05
1.025999999999998e+00	9.999639e-06	2.002820e-05
1.026999999999998e+00	9.999639e-06	2.002810e-05
1.027999999999998e+00	9.999639e-06	2.002799e-05
1.028999999999997e+00	9.999639e-06	2.002788e-05
1.029999999999997e+00	9.999639e-06	2.002777e-05
1.030999999999997e+00	9.999639e-06	2.002766e-05
1.031999999999997e+00	9.999639e-06	2.002754e-05
1.032999999999997e+00	9.999639e-06	2.002742e-05
1.033999999999997e+00	9.999639e-06	2.002730e-05
1.034999999999997e+00	9.999639e-06	2.002717e-05
1.035999999999997e+00	9.999639e-06	2.002704e-05
1.036999999999997e+00	9.999639e-06	2.002691e-05
1.037999999999996e+00	9.999639e-06	2.002677e-05
1.038999999999996e+00	9.999639e-06	2.002663e-05
1.039999999999996e+00	9.999639e-06	2.002649e-05
1.040999999999996e+00	9.999639e-06	2.002635e-05
1.041999999999996e+00	9.999639e-06	2.002620e-05
1.042999999999996e+00	9.999639e-06	2.002605e-05
1.043999999999996e+00	9.999639e-06	2.002589e-05
1.044999999999996e+00	9.999639e-06	2.002573e-05
1.045999999999996e+00	9.999639e-06	2.002557e-05
1.046999999999995e+00	9.999639e-06	2.002540e-05
1.047999999999995e+00	9.999639e-06	2.002523e-05
1.048999999999995e+00	9.999639e-06	2.002505e-05
1.049999999999995e+00	9.999639e-06	2.002487e-05
1.050999999999995e+00	9.999639e-06	2.002468e-05
1.051999999999995e+00	9.999639e-06	2.002450e-05
1.052999999999995e+00	9.999639e-06	2.002430e-05
1.053999999999995e+00	9.999639e-06	2.002410e-05
1.054999999999995e+00	9.999639e-06	2.002390e-05
1.055999999999994e+00	9.999639e-06	2.002370e-05
1.056999999999994e+00	9.999639e-06	2.002348e-05
1.057999999999994e+00	9.999639e-06	2.002327e-05
1.058999999999994e+00	9.999639e-06	2.002304e-05
1.059999999999994e+00	9.999639e-06	2.002282e-05
1.060999999999994e+00	9.999639e-06	2.002258e-05
1.061999999999994e+00	9.999639e-06	2.002235e-05
1.062999999999994e+00	9.999639e-06	2.002210e-05
1.063999999999994e+00	9.999639e-06	2.002185e-05
1.064999999999994e+00	9.999639e-06	2.002160e-05
1.065999999999993e+00	9.999639e-06	2.002134e-05
1.066999999999993e+00	9.999639e-06	2.002108e-05
1.067999999999993e+00	9.999639e-06	2.002081e-05
1.068999999999993e+00	9.999639e-06	2.002053e-05
1.069999999999993e+00	9.999639e-06	2.002025e-05
1.070999999999993e+00	9.999639e-06	2.001996e-05
1.071999999999993e+00	9.999639e-06	2.001966e-05
1.072999999999993e+00	9.999639e-06	2.001936e-05
1.073999999999993e+00	9.999639e-06	2.001905e-05
1.074999999999992e+00	9.999639e-06	2.001874e-05
1.075999999999992e+00	9.999639e-06	2.001842e-05
1.076999999999992e+00	9.999639e-06	2.001809e-05
1.077999999999992e+00	9.999639e-06	2.001776e-05
1.078999999999992e+00	9.999639e-06	2.001742e-05
1.079999999999992e+00	9.999639e-06	2.001708e-05
1.080999999999992e+00	9.999639e-06	2.001672e-05
1.081999999999992e+00	9.999639e-06	2.001636e-05
1.082999999999992e+00	9.999639e-06	2.001600e-05
1.083999999999991e+00	9.999639e-06	2.001562e-05
1.084999999999991e+00	9.999639e-06	2.001524e-05
1.085999999999991e+00	9.999639e-06	2.001486e-05
1.086999999999991e+00	9.999639e-06	2.001446e-05
1.087999999999991e+00	9.999639e-06	2.001406e-05
1.088999999999991e+00	9.999639e-06	2.001365e-05
1.089999999999991e+00	9.999639e-06	2.001324e-05
1.090999999999991e+00	9.999639e-06	2.001282e-05
1.091999999999991e+00	9.999639e-06	2.001239e-05
1.092999999999990e+00	9.999639e-06	2.001195e-05
1.093999999999990e+00	9.999639e-06	2.001151e-05
1.094999999999990e+00	9.999639e-06	2.001106e-05
1.095999999999990e+00	9.999639e-06	2.001060e-05
1.096999999999990e+00	9.999639e-06	2.001013e-05
1.097999999999990e+00	9.999639e-06	2.000966e-05
1.098999999999990e+00	9.999639e-06	2.000918e-05
1.099999999999990e+00	9.999639e-06	2.000869e-05
1.100999999999990e+00	9.999639e-06	2.000820e-05
1.101999999999989e+00	9.999639e-06	2.000769e-05
1.102999999999989e+00	9.999639e-06	2.000718e-05
1.103999999999989e+00	9.999639e-06	2.000667e-05
1.104999999999989e+00	9.999639e-06	2.000614e-05
1.105999999999989e+00	9.999639e-06	2.000561e-05
1.106999999999989e+00	9.999639e-06	2.000507e-05
1.107999999999989e+00	9.999639e-06	2.000452e-05
1.108999999999989e+00	9.999639e-06	2.000397e-05
1.109999999999989e+00	9.999639e-06	2.000341e-05
1.110999999999988e+00	9.999639e-06	2.000284e-05
1.111999999999988e+00	9.999639e-06	2.000226e-05
1.112999999999988e+00	9.999639e-06	2.000168e-05
1.113999999999988e+00	9.999639e-06	2.000109e-05
1.114999999999988e+00	9.999639e-06	2.000049e-05
1.115999999999988e+00	9.999639e-06	1.999988e-05
1.116999999999988e+00	9.999639e-06	1.999927e-05
1.117999999999988e+00	9.999639e-06	1.999865e-05
1.118999999999988e+00	9.999639e-06	1.999802e-05
1.119999999999987e+00	9.999639e-06	1.999738e-05
1.120999999999987e+00	9.999639e-06	1.999674e-05
1.121999999999987e+00	9.999639e-06	1.999609e-05
1.122999999999987e+00	9.999639e-06	1.999544e-05
1.123999999999987e+00	9.999639e-06	1.999477e-05
1.124999999999987e+00	9.999639e-06	1.999410e-05
1.125999999999987e+00	9.999639e-06	1.999342e-05
1.126999999999987e+00	9.999639e-06	1.999273e-05
1.127999999999987e+00	9.999639e-06	1.999204e-05
1.128999999999986e+00	9.999639e-06	1.999134e-05
1.129999999999986e+00	9.999639e-06	1.999064e-05
1.130999999999986e+00	9.999639e-06	1.998992e-05
1.131999999999986e+00	9.999639e-06	1.998920e-05
1.132999999999986e+00	9.999639e-06	1.998847e-05
1.133999999999986e+00	9.999639e-06	1.998774e-05
1.134999999999986e+00	9.999639e-06	1.998700e-05
1.135999999999986e+00	9.999639e-06	1.998625e-05
1.136999999999986e+00	9.999639e-06	1.998549e-05
1.137999999999985e+00	9.999639e-06	1.998473e-05
1.138999999999985e+00	9.999639e-06	1.998396e-05
1.139999999999985e+00	9.999639e-06	1.998318e-05
1.140999999999985e+00	9.999639e-06	1.998240e-05
1.141999999999985e+00	9.999639e-06	1.998161e-05
1.142999999999985e+00	9.999639e-06	1.998082e-05
1.143999999999985e+00	9.999639e-06	1.998001e-05
1.144999999999985e+00	9.999639e-06	1.997920e-05
1.145999999999985e+00	9.999639e-06	1.997839e-05
1.146999999999984e+00	9.999639e-06	1.997757e-05
1.147999999999984e+00	9.999639e-06	1.997674e-05
1.148999999999984e+00	9.999639e-06	1.997590e-05
1.149999999999984e+00	9.999639e-06	1.997506e-05
1.150999999999984e+00	9.999639e-06	1.997422e-05
1.151999999999984e+00	9.999639e-06	1.997336e-05
1.152999999999984e+00	9.999639e-06	1.997250e-05
1.153999999999984e+00	9.999639e-06	1.997163e-05
1.154999999999984e+00	9.999639e-06	1.997076e-05
1.155999999999983e+00	9.999639e-06	1.996988e-05
1.156999999999983e+00	9.999639e-06	1.996900e-05
1.157999999999983e+00	9.999639e-06	1.996811e-05
1.158999999999983e+00	9.999639e-06	1.996721e-05
1.159999999999983e+00	9.999639e-06	1.996631e-05
1.160999999999983e+00	9.999639e-06	1.996540e-05
1.161999999999983e+00	9.999639e-06	1.996448e-05
1.162999999999983e+00	9.999639e-06	1.996356e-05
1.163999999999983e+00	9.999639e-06	1.996264e-05
1.164999999999982e+00	9.999639e-06	1.996170e-05
1.165999999999982e+00	9.999639e-06	1.996077e-05
1.166999999999982e+00	9.999639e-06	1.995982e-05
1.167999999999982e+00	9.999639e-06	1.995887e-05
1.168999999999982e+00	9.999639e-06	1.995792e-05
1.169999999999982e+00	9.999639e-06	1.995696e-05
1.170999999999982e+00	9.999639e-06	1.995599e-05
1.171999999999982e+00	9.999639e-06	1.995502e-05
1.172999999999982e+00	9.999639e-06	1.995404e-05
1.173999999999982e+00	9.999639e-06	1.995306e-05
1.174999999999981e+00	9.999639e-06	1.995207e-05
1.175999999999981e+00	9.999639e-06	1.995108e-05
1.176999999999981e+00	9.999639e-06	1.995008e-05
1.177999999999981e+00	9.999639e-06	1.994907e-05
1.178999999999981e+00	9.999639e-06	1.994806e-05
1.179999999999981e+00	9.999639e-06	1.994705e-05
1.180999999999981e+00	9.999639e-06	1.994603e-05
1.181999999999981e+00	9.999639e-06	1.994500e-05
1.182999999999981e+00	9.999639e-06	1.994397e-05
1.183999999999980e+00	9.999639e-06	1.994294e-05
1.184999999999980e+00	9.999639e-06	1.994190e-05
1.185999999999980e+00	9.999639e-06	1.994085e-05
1.186999999999980e+00	9.999639e-06	1.993980e-05
1.187999999999980e+00	9.999639e-06	1.993875e-05
1.188999999999980e+00	9.999639e-06	1.993769e-05
1.189999999999980e+00	9.999639e-06	1.993662e-05
1.190999999999980e+00	9.999639e-06	1.993555e-05
1.191999999999980e+00	9.999639e-06	1.993448e-05
1.192999999999979e+00	9.999639e-06	1.993340e-05
1.193999999999979e+00	9.999639e-06	1.993231e-05
1.194999999999979e+00	9.999639e-06	1.993122e-05
1.195999999999979e+00	9.999639e-06	1.993013e-05
1.196999999999979e+00	9.999639e-06	1.992903e-05
1.197999999999979e+00	9.999639e-06	1.992793e-05
1.198999999999979e+00	9.999639e-06	1.992682e-05
1.199999999999979e+00	9.999639e-06	1.992571e-05
1.200999999999979e+00	9.999639e-06	1.992459e-05
1.201999999999978e+00	9.999639e-06	1.992347e-05
1.202999999999978e+00	9.999639e-06	1.992235e-05
1.203999999999978e+00	9.999639e-06	1.992122e-05
1.204999999999978e+00	9.999639e-06	1.992008e-05
1.205999999999978e+00	9.999639e-06	1.991894e-05
1.206999999999978e+00	9.999639e-06	1.991780e-05
1.207999999999978e+00	9.999639e-06	1.991665e-05
1.208999999999978e+00	9.999639e-06	1.991550e-05
1.209999999999978e+00	9.999639e-06	1.991435e-05
1.210999999999977e+00	9.999639e-06	1.991318e-05
1.211999999999977e+00	9.999639e-06	1.991202e-05
1.212999999999977e+00	9.999639e-06	1.991085e-05
1.213999999999977e+00	9.999639e-06	1.990968e-05
1.214999999999977e+00	9.999639e-06	1.990850e-05
1.215999999999977e+00	9.999639e-06	1.990732e-05
1.216999999999977e+00	9.999639e-06	1.990614e-05
1.217999999999977e+00	9.999639e-06	1.990495e-05
1.218999999999977e+00	9.999639e-06	1.990376e-05
1.219999999999976e+00	9.999639e-06	1.990256e-05
1.220999999999976e+00	9.999639e-06	1.990136e-05
1.221999999999976e+00	9.999639e-06	1.990016e-05
1.222999999999976e+00	9.999639e-06	1.989895e-05
1.223999999999976e+00	9.999639e-06	1.989774e-05
1.224999999999976e+00	9.999639e-06	1.989652e-05
1.225999999999976e+00	9.999639e-06	1.989530e-05
1.226999999999976e+00	9.999639e-06	1.989408e-05
1.227999999999976e+00	9.999639e-06	1.989285e-05
1.228999999999975e+00	9.999639e-06	1.989162e-05
1.229999999999975e+00	9.999639e-06	1.989039e-05
1.230999999999975e+00	9.999639e-06	1.988915e-05
1.231999999999975e+00	9.999639e-06	1.988791e-05
1.232999999999975e+00	9.999639e-06	1.988666e-05
1.233999999999975e+00	9.999639e-06	1.988541e-05
1.234999999999975e+00	9.999639e-06	1.988416e-05
1.235999999999975e+00	9.999639e-06	1.988290e-05
1.236999999999975e+00	9.999639e-06	1.988164e-05
1.237999999999974e+00	9.999639e-06	1.988038e-05
1.238999999999974e+00	9.999639e-06	1.987911e-05
1.239999999999974e+00	9.999639e-06	1.987784e-05
1.240999999999974e+00	9.999639e-06	1.987657e-05
1.241999999999974e+00	9.999639e-06	1.987529e-05
1.242999999999974e+00	9.999639e-06	1.987401e-05
1.243999999999974e+00	9.999639e-06	1.987273e-05
1.244999999999974e+00	9.999639e-06	1.987144e-05
1.245999999999974e+00	9.999639e-06	1.987015e-05
1.246999999999973e+00	9.999639e-06	1.986886e-05
1.247999999999973e+00	9.999639e-06	1.986756e-05
1.248999999999973e+00	9.999639e-06	1.986626e-05
1.249999999999973e+00	9.999639e-06	1.986496e-05
1.250999999999973e+00	9.999639e-06	1.986365e-05
1.251999999999973e+00	9.999639e-06	1.986234e-05
1.252999999999973e+00	9.999639e-06	1.986103e-05
1.253999999999973e+00	9.999639e-06	1.985971e-05
1.254999999999973e+00	9.999639e-06	1.985839e-05
1.255999999999972e+00	9.999639e-06	1.985707e-05
1.256999999999972e+00	9.999639e-06	1.985574e-05
1.257999999999972e+00	9.999639e-06	1.985441e-05
1.258999999999972e+00	9.999639e-06	1.985308e-05
1.259999999999972e+00	9.999639e-06	1.985174e-05
1.260999999999972e+00	9.999639e-06	1.985041e-05
1.261999999999972e+00	9.999639e-06	1.984907e-05
1.262999999999972e+00	9.999639e-06	1.984772e-05
1.263999999999972e+00	9.999639e-06	1.984637e-05
1.264999999999971e+00	9.999639e-06	1.984502e-05
1.265999999999971e+00	9.999639e-06	1.984367e-05
1.266999999999971e+00	9.999639e-06	1.984231e-05
1.267999999999971e+00	9.999639e-06	1.984095e-05
1.268999999999971e+00	9.999639e-06	1.983959e-05
1.269999999999971e+00	9.999639e-06	1.983822e-05
1.270999999999971e+00	9.999639e-06	1.983686e-05
1.271999999999971e+00	9.999639e-06	1.983548e-05
1.272999999999971e+00	9.999639e-06	1.983411e-05
1.273999999999970e+00	9.999639e-06	1.983273e-05
1.274999999999970e+00	9.999639e-06	1.983135e-05
1.275999999999970e+00	9.999639e-06	1.982997e-05
1.276999999999970e+00	9.999639e-06	1.982858e-05
1.277999999999970e+00	9.999639e-06	1.982720e-05
1.278999999999970e+00	9.999639e-06	1.982580e-05
1.279999999999970e+00	9.999639e-06	1.982441e-05
1.280999999999970e+00	9.999639e-06	1.982301e-05
1.281999999999970e+00	9.999639e-06	1.982161e-05
1.282999999999969e+00	9.999639e-06	1.982021e-05
1.283999999999969e+00	9.999639e-06	1.981880e-05
1.284999999999969e+00	9.999639e-06	1.981739e-05
1.285999999999969e+00	9.999639e-06	1.981598e-05
1.286999999999969e+00	9.999639e-06	1.981457e-05
1.287999999999969e+00	9.999639e-06	1.981315e-05
1.288999999999969e+00	9.999639e-06	1.981173e-05
1.289999999999969e+00	9.999639e-06	1.981031e-05
1.290999999999969e+00	9.999639e-06	1.980889e-05
1.291999999999969e+00	9.999639e-06	1.980746e-05
1.292999999999968e+00	9.999639e-06	1.980603e-05
1.293999999999968e+00	9.999639e-06	1.980459e-05
1.294999999999968e+00	9.999639e-06	1.980316e-05
1.295999999999968e+00	9.999639e-06	1.980172e-05
1.296999999999968e+00	9.999639e-06	1.980028e-05
1.297999999999968e+00	9.999639e-06	1.979883e-05
1.298999999999968e+00	9.999639e-06	1.979738e-05
1.299999999999968e+00	9.999639e-06	1.979593e-05
1.300999999999968e+00	9.999639e-06	1.979448e-05
1.301999999999967e+00	9.999639e-06	1.979303e-05
1.302999999999967e+00	9.999639e-06	1.979157e-05
1.303999999999967e+00	9.999639e-06	1.979011e-05
1.304999999999967e+00	9.999639e-06	1.978865e-05
1.305999999999967e+00	9.999639e-06	1.978718e-05
1.306999999999967e+00	9.999639e-06	1.978571e-05
1.307999999999967e+00	9.999639e-06	1.978424e-05
1.308999999999967e+00	9.999639e-06	1.978276e-05
1.309999999999967e+00	9.999639e-06	1.978129e-05
1.310999999999966e+00	9.999639e-06	1.977981e-05
1.311999999999966e+00	9.999639e-06	1.977833e-05
1.312999999999966e+00	9.999639e-06	1.977684e-05
1.313999999999966e+00	9.999639e-06	1.977535e-05
1.314999999999966e+00	9.999639e-06	1.977386e-05
1.315999999999966e+00	9.999639e-06	1.977237e-05
1.316999999999966e+00	9.999639e-06	1.977088e-05
1.317999999999966e+00	9.999639e-06	1.976938e-05
1.318999999999966e+00	9.999639e-06	1.976788e-05
1.319999999999965e+00	9.999639e-06	1.976637e-05
1.320999999999965e+00	9.999639e-06	1.976487e-05
1.321999999999965e+00	9.999639e-06	1.976336e-05
1.322999999999965e+00	9.999639e-06	1.976185e-05
1.323999999999965e+00	9.999639e-06	1.976033e-05
1.324999999999965e+00	9.999639e-06	1.975881e-05
1.325999999999965e+00	9.999639e-06	1.975730e-05
1.326999999999965e+00	9.999639e-06	1.975577e-05
1.327999999999965e+00	9.999639e-06	1.975425e-05
1.328999999999964e+00	9.999639e-06	1.975272e-05
1.329999999999964e+00	9.999639e-06	1.975119e-05
1.330999999999964e+00	9.999639e-06	1.974965e-05
1.331999999999964e+00	9.999639e-06	1.974812e-05
1.332999999999964e+00	9.999639e-06	1.974658e-05
1.333999999999964e+00	9.999639e-06	1.974504e-05
1.334999999999964e+00	9.999639e-06	1.974349e-05
1.335999999999964e+00	9.999639e-06	1.974194e-05
1.336999999999964e+00	9.999639e-06	1.974040e-05
1.337999999999963e+00	9.999639e-06	1.973884e-05
1.338999999999963e+00	9.999639e-06	1.973728e-05
1.339999999999963e+00	9.999639e-06	1.973573e-05
1.340999999999963e+00	9.999639e-06	1.973417e-05
1.341999999999963e+00	9.999639e-06	1.973260e-05
1.342999999999963e+00	9.999639e-06	1.973103e-05
1.343999999999963e+00	9.999639e-06	1.972946e-05
1.344999999999963e+00	9.999639e-06	1.972789e-05
1.345999999999963e+00	9.999639e-06	1.972631e-05
1.346999999999962e+00	9.999639e-06	1.972474e-05
1.347999999999962e+00	9.999639e-06	1.972315e-05
1.348999999999962e+00	9.999639e-06	1.972157e-05
1.349999999999962e+00	9.999639e-06	1.971998e-05
1.350999999999962e+00	9.999639e-06	1.971839e-05
1.351999999999962e+00	9.999639e-06	1.971680e-05
1.352999999999962e+00	9.999639e-06	1.971520e-05
1.353999999999962e+00	9.999639e-06	1.971360e-05
1.354999999999962e+00	9.999639e-06	1.971200e-05
1.355999999999961e+00	9.999639e-06	1.971039e-05
1.356999999999961e+00	9.999639e-06	1.970878e-05
1.357999999999961e+00	9.999639e-06	1.970717e-05
1.358999999999961e+00	9.999639e-06	1.970556e-05
1.359999999999961e+00	9.999639e-06	1.970394e-05
1.360999999999961e+00	9.999639e-06	1.970232e-05
1.361999999999961e+00	9.999639e-06	1.970069e-05
1.362999999999961e+00	9.999639e-06	1.969907e-05
1.363999999999961e+00	9.999639e-06	1.969744e-05
1.364999999999960e+00	9.999639e-06	1.969580e-05
1.365999999999960e+00	9.999639e-06	1.969416e-05
1.366999999999960e+00	9.999639e-06	1.969252e-05
1.367999999999960e+00	9.999639e-06	1.969088e-05
1.368999999999960e+00	9.999639e-06	1.968923e-05
1.369999999999960e+00	9.999639e-06	1.968758e-05
1.370999999999960e+00	9.999639e-06	1.968593e-05
1.371999999999960e+00	9.999639e-06	1.968427e-05
1.372999999999960e+00	9.999639e-06	1.968261e-05
1.373999999999959e+00	9.999639e-06	1.968095e-05
1.374999999999959e+00	9.999639e-06	1.967928e-05
1.375999999999959e+00	9.999639e-06	1.967761e-05
1.376999999999959e+00	9.999639e-06	1.967593e-05
1.377999999999959e+00	9.999639e-06	1.967425e-05
1.378999999999959e+00	9.999639e-06	1.967257e-05
1.379999999999959e+00	9.999639e-06	1.967088e-05
1.380999999999959e+00	9.999639e-06	1.966920e-05
1.381999999999959e+00	9.999639e-06	1.966750e-05
1.382999999999958e+00	9.999639e-06	1.966581e-05
1.383999999999958e+00	9.999639e-06	1.966410e-05
1.384999999999958e+00	9.999639e-06	1.966240e-05
1.385999999999958e+00	9.999639e-06	1.966069e-05
1.386999999999958e+00	9.999639e-06	1.965898e-05
1.387999999999958e+00	9.999639e-06	1.965726e-05
1.388999999999958e+00	9.999639e-06	1.965554e-05
1.389999999999958e+00	9.999639e-06	1.965382e-05
1.390999999999958e+00	9.999639e-06	1.965209e-05
1.391999999999957e+00	9.999639e-06	1.965036e-05
1.392999999999957e+00	9.999639e-06	1.964862e-05
1.393999999999957e+00	9.999639e-06	1.964688e-05
1.394999999999957e+00	9.999639e-06	1.964513e-05
1.395999999999957e+00	9.999639e-06	1.964338e-05
1.396999999999957e+00	9.999639e-06	1.964163e-05
1.397999999999957e+00	9.999639e-06	1.963987e-05
1.398999999999957e+00	9.999639e-06	1.963811e-05
1.399999999999957e+00	9.999639e-06	1.963634e-05
1.400999999999957e+00	9.999639e-06	1.963457e-05
1.401999999999956e+00	9.999639e-06	1.963279e-05
1.402999999999956e+00	9.999639e-06	1.963101e-05
1.403999999999956e+00	9.999639e-06	1.962923e-05
1.404999999999956e+00	9.999639e-06	1.962744e-05
1.405999999999956e+00	9.999639e-06	1.962564e-05
1.406999999999956e+00	9.999639e-06	1.962384e-05
1.407999999999956e+00	9.999639e-06	1.962203e-05
1.408999999999956e+00	9.999639e-06	1.962022e-05
1.409999999999956e+00	9.999639e-06	1.961841e-05
1.410999999999955e+00	9.999639e-06	1.961659e-05
1.411999999999955e+00	9.999639e-06	1.961476e-05
1.412999999999955e+00	9.999639e-06	1.961293e-05
1.413999999999955e+00	9.999639e-06	1.961109e-05
1.414999999999955e+00	9.999639e-06	1.960925e-05
1.415999999999955e+00	9.999639e-06	1.960740e-05
1.416999999999955e+00	9.999639e-06	1.960555e-05
1.417999999999955e+00	9.999639e-06	1.960369e-05
1.418999999999955e+00	9.999639e-06	1.960182e-05
1.419999999999954e+00	9.999639e-06	1.959995e-05
1.420999999999954e+00	9.999639e-06	1.959808e-05
1.421999999999954e+00	9.999639e-06	1.959619e-05
1.422999999999954e+00	9.999639e-06	1.959430e-05
1.423999999999954e+00	9.999639e-06	1.959241e-05
1.424999999999954e+00	9.999639e-06	1.959051e-05
1.425999999999954e+00	9.999639e-06	1.958860e-05
1.426999999999954e+00	9.999639e-06	1.958669e-05
1.427999999999954e+00	9.999639e-06	1.958477e-05
1.428999999999953e+00	9.999639e-06	1.958284e-05
1.429999999999953e+00	9.999639e-06	1.958090e-05
1.430999999999953e+00	9.999639e-06	1.957896e-05
1.431999999999953e+00	9.999639e-06	1.957701e-05
1.432999999999953e+00	9.999639e-06	1.957506e-05
1.433999999999953e+00	9.999639e-06	1.957310e-05
1.434999999999953e+00	9.999639e-06	1.957113e-05
1.435999999999953e+00	9.999639e-06	1.956915e-05
1.436999999999953e+00	9.999639e-06	1.956716e-05
1.437999999999952e+00	9.999639e-06	1.956517e-05
1.438999999999952e+00	9.999639e-06	1.956317e-05
1.439999999999952e+00	9.999639e-06	1.956116e-05
1.440999999999952e+00	9.999639e-06	1.955915e-05
1.441999999999952e+00	9.999639e-06	1.955712e-05
1.442999999999952e+00	9.999639e-06	1.955509e-05
1.443999999999952e+00	9.999639e-06	1.955304e-05
1.444999999999952e+00	9.999639e-06	1.955099e-05
1.445999999999952e+00	9.999639e-06	1.954894e-05
1.446999999999951e+00	9.999639e-06	1.954687e-05
1.447999999999951e+00	9.999639e-06	1.954479e-05
1.448999999999951e+00	9.999639e-06	1.954270e-05
1.449999999999951e+00	9.999639e-06	1.954061e-05
1.450999999999951e+00	9.999639e-06	1.953850e-05
1.451999999999951e+00	9.999639e-06	1.953639e-05
1.452999999999951e+00	9.999639e-06	1.953426e-05
1.453999999999951e+00	9.999639e-06	1.953213e-05
1.454999999999951e+00	9.999639e-06	1.952998e-05
1.455999999999950e+00	9.999639e-06	1.952782e-05
1.456999999999950e+00	9.999639e-06	1.952566e-05
1.457999999999950e+00	9.999639e-06	1.952348e-05
1.458999999999950e+00	9.999639e-06	1.952129e-05
1.459999999999950e+00	9.999639e-06	1.951909e-05
1.460999999999950e+00	9.999639e-06	1.951688e-05
1.461999999999950e+00	9.999639e-06	1.951465e-05
1.462999999999950e+00	9.999639e-06	1.951242e-05
1.463999999999950e+00	9.999639e-06	1.951017e-05
1.464999999999949e+00	9.999639e-06	1.950791e-05
1.465999999999949e+00	9.999639e-06	1.950564e-05
1.466999999999949e+00	9.999639e-06	1.950335e-05
1.467999999999949e+00	9.999639e-06	1.950105e-05
1.468999999999949e+00	9.999639e-06	1.949874e-05
1.469999999999949e+00	9.999639e-06	1.949642e-05
1.470999999999949e+00	9.999639e-06	1.949408e-05
1.471999999999949e+00	9.999639e-06	1.949172e-05
1.472999999999949e+00	9.999639e-06	1.948935e-05
1.473999999999948e+00	9.999639e-06	1.948697e-05
1.474999999999948e+00	9.999639e-06	1.948457e-05
1.475999999999948e+00	9.999639e-06	1.948216e-05
1.476999999999948e+00	9.999639e-06	1.947973e-05
1.477999999999948e+00	9.999639e-06	1.947728e-05
1.478999999999948e+00	9.999639e-06	1.947482e-05
1.479999999999948e+00	9.999639e-06	1.947234e-05
1.480999999999948e+00	9.999639e-06	1.946984e-05
1.481999999999948e+00	9.999639e-06	1.946733e-05
1.482999999999947e+00	9.999639e-06	1.946480e-05
1.483999999999947e+00	9.999639e-06	1.946225e-05
1.484999999999947e+00	9.999639e-06	1.945968e-05
1.485999999999947e+00	9.999639e-06	1.945709e-05
1.486999999999947e+00	9.999639e-06	1.945449e-05
1.487999999999947e+00	9.999639e-06	1.945186e-05
1.488999999999947e+00	9.999639e-06	1.944921e-05
1.489999999999947e+00	9.999639e-06	1.944655e-05
1.490999999999947e+00	9.999639e-06	1.944386e-05
1.491999999999946e+00	9.999639e-06	1.944115e-05
1.492999999999946e+00	9.999639e-06	1.943842e-05
1.493999999999946e+00	9.999639e-06	1.943566e-05
1.494999999999946e+00	9.999639e-06	1.943289e-05
1.495999999999946e+00	9.999639e-06	1.943008e-05
1.496999999999946e+00	9.999639e-06	1.942726e-05
1.497999999999946e+00	9.999639e-06	1.942441e-05
1.498999999999946e+00	9.999639e-06	1.942153e-05
1.499999999999946e+00	9.999639e-06	1.941863e-05
1.500999999999945e+00	9.999639e-06	1.941570e-05
1.501999999999945e+00	9.999639e-06	1.941275e-05
1.502999999999945e+00	9.999639e-06	1.940977e-05
1.503999999999945e+00	9.999639e-06	1.940676e-05
1.504999999999945e+00	9.999639e-06	1.940372e-05
1.505999999999945e+00	9.999639e-06	1.940065e-05
1.506999999999945e+00	9.999639e-06	1.939755e-05
1.507999999999945e+00	9.999639e-06	1.939442e-05
1.508999999999945e+00	9.999639e-06	1.939125e-05
1.509999999999944e+00	9.999639e-06	1.938806e-05
1.510999999999944e+00	9.999639e-06	1.938483e-05
1.511999999999944e+00	9.999639e-06	1.938156e-05
1.512999999999944e+00	9.999639e-06	1.937827e-05
1.513999999999944e+00	9.999639e-06	1.937493e-05
1.514999999999944e+00	9.999639e-06	1.937156e-05
1.515999999999944e+00	9.999639e-06	1.936815e-05
1.516999999999944e+00	9.999639e-06	1.936471e-05
1.517999999999944e+00	9.999639e-06	1.936122e-05
1.518999999999944e+00	9.999639e-06	1.935769e-05
1.519999999999943e+00	9.999639e-06	1.935412e-05
1.520999999999943e+00	9.999639e-06	1.935051e-05
1.521999999999943e+00	9.999639e-06	1.934686e-05
1.522999999999943e+00	9.999639e-06	1.934316e-05
1.523999999999943e+00	9.999639e-06	1.933941e-05
1.524999999999943e+00	9.999639e-06	1.933562e-05
1.525999999999943e+00	9.999639e-06	1.933178e-05
1.526999999999943e+00	9.999639e-06	1.932788e-05
1.527999999999943e+00	9.999639e-06	1.932394e-05
1.528999999999942e+00	9.999639e-06	1.931995e-05
1.529999999999942e+00	9.999639e-06	1.931590e-05
1.530999999999942e+00	9.999639e-06	1.931180e-05
1.531999999999942e+00	9.999639e-06	1.930764e-05
1.532999999999942e+00	9.999639e-06	1.930342e-05
1.533999999999942e+00	9.999639e-06	1.929914e-05
1.534999999999942e+00	9.999639e-06	1.929481e-05
1.535999999999942e+00	9.999639e-06	1.929041e-05
1.536999999999942e+00	9.999639e-06	1.928594e-05
1.537999999999941e+00	9.999639e-06	1.928141e-05
1.538999999999941e+00	9.999639e-06	1.927681e-05
1.539999999999941e+00	9.999639e-06	1.927215e-05
1.540999999999941e+00	9.999639e-06	1.926741e-05
1.541999999999941e+00	9.999639e-06	1.926259e-05
1.542999999999941e+00	9.999639e-06	1.925770e-05
1.543999999999941e+00	9.999639e-06	1.925274e-05
1.544999999999941e+00	9.999639e-06	1.924769e-05
1.545999999999941e+00	9.999639e-06	1.924257e-05
1.546999999999940e+00	9.999639e-06	1.923736e-05
1.547999999999940e+00	9.999639e-06	1.923206e-05
1.548999999999940e+00	9.999639e-06	1.922667e-05
1.549999999999940e+00	9.999639e-06	1.922120e-05
1.550999999999940e+00	9.999639e-06	1.921563e-05
1.551999999999940e+00	9.999639e-06	1.920996e-05
1.552999999999940e+00	9.999639e-06	1.920419e-05
1.553999999999940e+00	9.999639e-06	1.919833e-05
1.554999999999940e+00	9.999639e-06	1.919236e-05
1.555999999999939e+00	9.999639e-06	1.918628e-05
1.556999999999939e+00	9.999639e-06	1.918009e-05
1.557999999999939e+00	9.999639e-06	1.917378e-05
1.558999999999939e+00	9.999639e-06	1.916736e-05
1.559999999999939e+00	9.999639e-06	1.916082e-05
1.560999999999939e+00	9.999639e-06	1.915416e-05
1.561999999999939e+00	9.999639e-06	1.914737e-05
1.562999999999939e+00	9.999639e-06	1.914045e-05
1.563999999999939e+00	9.999639e-06	1.913340e-05
1.564999999999938e+00	9.999639e-06	1.912620e-05
1.565999999999938e+00	9.999639e-06	1.911887e-05
1.566999999999938e+00	9.999639e-06	1.911139e-05
1.567999999999938e+00	9.999639e-06	1.910376e-05
1.568999999999938e+00	9.999639e-06	1.909598e-05
1.569999999999938e+00	9.999639e-06	1.908804e-05
1.570999999999938e+00	9.999639e-06	1.907994e-05
1.571999999999938e+00	9.999639e-06	1.907166e-05
1.572999999999938e+00	9.999639e-06	1.906322e-05
1.573999999999937e+00	9.999639e-06	1.905460e-05
1.574999999999937e+00	9.999639e-06	1.904580e-05
1.575999999999937e+00	9.999639e-06	1.903681e-05
1.576999999999937e+00	9.999639e-06	1.902763e-05
1.577999999999937e+00	9.999639e-06	1.901825e-05
1.578999999999937e+00	9.999639e-06	1.900867e-05
1.579999999999937e+00	9.999639e-06	1.899888e-05
1.580999999999937e+00	9.999639e-06	1.898888e-05
1.581999999999937e+00	9.999639e-06	1.897866e-05
1.582999999999936e+00	9.999639e-06	1.896821e-05
1.583999999999936e+00	9.999639e-06	1.895752e-05
1.584999999999936e+00	9.999639e-06	1.894660e-05
1.585999999999936e+00	9.999639e-06	1.893544e-05
1.586999999999936e+00	9.999639e-06	1.892402e-05
1.587999999999936e+00	9.999639e-06	1.891234e-05
1.588999999999936e+00	9.999639e-06	1.890040e-05
1.589999999999936e+00	9.999639e-06	1.888819e-05
1.590999999999936e+00	9.999639e-06	1.887569e-05
1.591999999999935e+00	9.999639e-06	1.886291e-05
1.592999999999935e+00	9.999639e-06	1.884984e-05
1.593999999999935e+00	9.999639e-06	1.883646e-05
1.594999999999935e+00	9.999639e-06	1.882277e-05
1.595999999999935e+00	9.999639e-06	1.880876e-05
1.596999999999935e+00	9.999639e-06	1.879443e-05
1.597999999999935e+00	9.999639e-06	1.877977e-05
1.598999999999935e+00	9.999639e-06	1.876475e-05
1.599999999999935e+00	9.999639e-06	1.874940e-05
1.600999999999934e+00	9.999639e-06	1.873367e-05
1.601999999999934e+00	9.999639e-06	1.871758e-05
1.602999999999934e+00	9.999639e-06	1.870112e-05
1.603999999999934e+00	9.999639e-06	1.868427e-05
1.604999999999934e+00	9.999639e-06	1.866702e-05
1.605999999999934e+00	9.999639e-06	1.864936e-05
1.606999999999934e+00	9.999639e-06	1.863130e-05
1.607999999999934e+00	9.999639e-06	1.861280e-05
1.608999999999934e+00	9.999639e-06	1.859388e-05
1.609999999999933e+00	9.999639e-06	1.857451e-05
1.610999999999933e+00	9.999639e-06	1.855469e-05
1.611999999999933e+00	9.999639e-06	1.853441e-05
1.612999999999933e+00	9.999639e-06	1.851365e-05
1.613999999999933e+00	9.999639e-06	1.849241e-05
1.614999999999933e+00	9.999639e-06	1.847068e-05
1.615999999999933e+00	9.999639e-06	1.844845e-05
1.616999999999933e+00	9.999639e-06	1.842570e-05
1.617999999999933e+00	9.999639e-06	1.840243e-05
1.618999999999932e+00	9.999639e-06	1.837863e-05
1.619999999999932e+00	9.999639e-06	1.835428e-05
1.620999999999932e+00	9.999639e-06	1.832938e-05
1.621999999999932e+00	9.999639e-06	1.830392e-05
1.622999999999932e+00	9.999639e-06	1.827788e-05
1.623999999999932e+00	9.999639e-06	1.825126e-05
1.624999999999932e+00	9.999639e-06	1.822404e-05
1.625999999999932e+00	9.999639e-06	1.819622e-05
1.626999999999932e+00	9.999639e-06	1.816778e-05
1.627999999999932e+00	9.999639e-06	1.813872e-05
1.628999999999931e+00	9.999639e-06	1.810902e-05
1.629999999999931e+00	9.999639e-06	1.807868e-05
1.630999999999931e+00	9.999639e-06	1.804769e-05
1.631999999999931e+00	9.999639e-06	1.801603e-05
1.632999999999931e+00	9.999639e-06	1.798369e-05
1.633999999999931e+00	9.999639e-06	1.795067e-05
1.634999999999931e+00	9.999639e-06	1.791696e-05
1.635999999999931e+00	9.999639e-06	1.788254e-05
1.636999999999931e+00	9.999639e-06	1.784741e-05
1.637999999999930e+00	9.999639e-06	1.781156e-05
1.638999999999930e+00	9.999639e-06	1.777498e-05
1.639999999999930e+00	9.999639e-06	1.773766e-05
1.640999999999930e+00	9.999639e-06	1.769959e-05
1.641999999999930e+00	9.999639e-06	1.766077e-05
1.642999999999930e+00	9.999639e-06	1.762118e-05
1.643999999999930e+00	9.999639e-06	1.758081e-05
1.644999999999930e+00	9.999639e-06	1.753967e-05
1.645999999999930e+00	9.999639e-06	1.749773e-05
1.646999999999929e+00	9.999639e-06	1.745500e-05
1.647999999999929e+00	9.999639e-06	1.741146e-05
1.648999999999929e+00	9.999639e-06	1.736711e-05
1.649999999999929e+00	9.999639e-06	1.732194e-05
1.650999999999929e+00	9.999639e-06	1.727594e-05
1.651999999999929e+00	9.999639e-06	1.722911e-05
1.652999999999929e+00	9.999639e-06	1.718144e-05
1.653999999999929e+00	9.999639e-06	1.713292e-05
1.654999999999929e+00	9.999639e-06	1.708355e-05
1.655999999999928e+00	9.999639e-06	1.703332e-05
1.656999999999928e+00	9.999639e-06	1.698222e-05
1.657999999999928e+00	9.999639e-06	1.693025e-05
1.658999999999928e+00	9.999639e-06	1.687741e-05
1.659999999999928e+00	9.999639e-06	1.682368e-05
1.660999999999928e+00	9.999639e-06	1.676907e-05
1.661999999999928e+00	9.999639e-06	1.671356e-05
1.662999999999928e+00	9.999639e-06	1.665716e-05
1.663999999999928e+00	9.999639e-06	1.659985e-05
1.664999999999927e+00	9.999639e-06	1.654164e-05
1.665999999999927e+00	9.999639e-06	1.648252e-05
1.666999999999927e+00	9.999639e-06	1.642248e-05
1.667999999999927e+00	9.999639e-06	1.636153e-05
1.668999999999927e+00	9.999639e-06	1.629965e-05
1.669999999999927e+00	9.999639e-06	1.623685e-05
1.670999999999927e+00	9.999639e-06	1.617312e-05
1.671999999999927e+00	9.999639e-06	1.610846e-05
1.672999999999927e+00	9.999639e-06	1.604286e-05
1.673999999999926e+00	9.999639e-06	1.597632e-05
1.674999999999926e+00	9.999639e-06	1.590884e-05
1.675999999999926e+00	9.999639e-06	1.584042e-05
1.676999999999926e+00	9.999639e-06	1.577105e-05
1.677999999999926e+00	9.999639e-06	1.570073e-05
1.678999999999926e+00	9.999639e-06	1.562946e-05
1.679999999999926e+00	9.999639e-06	1.555724e-05
1.680999999999926e+00	9.999639e-06	1.548406e-05
1.681999999999926e+00	9.999639e-06	1.540993e-05
1.682999999999925e+00	9.999639e-06	1.533484e-05
1.683999999999925e+00	9.999639e-06	1.525878e-05
1.684999999999925e+00	9.999639e-06	1.518177e-05
1.685999999999925e+00	9.999639e-06	1.510380e-05
1.686999999999925e+00	9.999639e-06	1.502486e-05
1.687999999999925e+00	9.999639e-06	1.494495e-05
1.688999999999925e+00	9.999639e-06	1.486408e-05
1.689999999999925e+00	9.999639e-06	1.478224e-05
1.690999999999925e+00	9.999639e-06	1.469944e-05
1.691999999999924e+00	9.999639e-06	1.461566e-05
1.692999999999924e+00	9.999639e-06	1.453092e-05
1.693999999999924e+00	9.999639e-06	1.444521e-05
1.694999999999924e+00	9.999639e-06	1.435852e-05
1.695999999999924e+00	9.999639e-06	1.427087e-05
1.696999999999924e+00	9.999639e-06	1.418225e-05
1.697999999999924e+00	9.999639e-06	1.409265e-05
1.698999999999924e+00	9.999639e-06	1.400209e-05
1.699999999999924e+00	9.999639e-06	1.391055e-05
1.700999999999923e+00	9.999639e-06	1.381805e-05
1.701999999999923e+00	9.999639e-06	1.372457e-05
1.702999999999923e+00	9.999639e-06	1.363012e-05
1.703999999999923e+00	9.999639e-06	1.353470e-05
1.704999999999923e+00	9.999639e-06	1.343831e-05
1.705999999999923e+00	9.999639e-06	1.334095e-05
1.706999999999923e+00	9.999639e-06	1.324262e-05
1.707999999999923e+00	9.999639e-06	1.314333e-05
1.708999999999923e+00	9.999639e-06	1.304306e-05
1.709999999999922e+00	9.999639e-06	1.294183e-05
1.710999999999922e+00	9.999639e-06	1.283963e-05
1.711999999999922e+00	9.999639e-06	1.273646e-05
1.712999999999922e+00	9.999639e-06	1.263232e-05
1.713999999999922e+00	9.999639e-06	1.252722e-05
1.714999999999922e+00	9.999639e-06	1.242116e-05
1.715999999999922e+00	9.999639e-06	1.231413e-05
1.716999999999922e+00	9.999639e-06	1.220614e-05
1.717999999999922e+00	9.999639e-06	1.209718e-05
1.718999999999921e+00	9.999639e-06	1.198727e-05
1.719999999999921e+00	9.999639e-06	1.187639e-05
1.720999999999921e+00	9.999639e-06	1.176456e-05
1.721999999999921e+00	9.999639e-06	1.165176e-05
1.722999999999921e+00	9.999639e-06	1.153801e-05
1.723999999999921e+00	9.999639e-06	1.142330e-05
1.724999999999921e+00	9.999639e-06	1.130764e-05
1.725999999999921e+00	9.999639e-06	1.119102e-05
1.726999999999921e+00	9.999639e-06	1.107345e-05
1.727999999999920e+00	9.999639e-06	1.095492e-05
1.728999999999920e+00	9.999639e-06	1.083545e-05
1.729999999999920e+00	9.999639e-06	1.071502e-05
1.730999999999920e+00	9.999639e-06	1.059365e-05
1.731999999999920e+00	9.999639e-06	1.047133e-05
1.732999999999920e+00	9.999639e-06	1.034806e-05
1.733999999999920e+00	9.999639e-06	1.022384e-05
1.734999999999920e+00	9.999639e-06	1.009868e-05
1.735999999999920e+00	9.999639e-06	9.972582e-06
1.736999999999919e+00	9.999639e-06	9.845539e-06
1.737999999999919e+00	9.999639e-06	9.717556e-06
1.738999999999919e+00	9.999639e-06	9.588633e-06
1.739999999999919e+00	9.999639e-06	9.458772e-06
1.740999999999919e+00	9.999639e-06	9.327975e-06
1.741999999999919e+00	9.999639e-06	9.196242e-06
1.742999999999919e+00	9.999639e-06	9.063575e-06
1.743999999999919e+00	9.999639e-06	8.929975e-06
1.744999999999919e+00	9.999639e-06	8.795444e-06
1.745999999999919e+00	9.999639e-06	8.659982e-06
1.746999999999918e+00	9.999639e-06	8.523592e-06
1.747999999999918e+00	9.999639e-06	8.386273e-06
1.748999999999918e+00	9.999639e-06	8.248028e-06
1.749999999999918e+00	9.999639e-06	8.108859e-06
1.750999999999918e+00	9.999639e-06	7.968765e-06
1.751999999999918e+00	9.999639e-06	7.827750e-06
1.752999999999918e+00	9.999639e-06	7.685813e-06
1.753999999999918e+00	9.999639e-06	7.542957e-06
1.754999999999918e+00	9.999639e-06	7.399182e-06
1.755999999999917e+00	9.999639e-06	7.254490e-06
1.756999999999917e+00	9.999639e-06	7.108882e-06
1.757999999999917e+00	9.999639e-06	6.962360e-06
1.758999999999917e+00	9.999639e-06	6.814925e-06
1.759999999999917e+00	9.999639e-06	6.666578e-06
1.760999999999917e+00	9.999639e-06	6.517321e-06
1.761999999999917e+00	9.999639e-06	6.367154e-06
1.762999999999917e+00	9.999639e-06	6.216080e-06
1.763999999999917e+00	9.999639e-06	6.064099e-06
1.764999999999916e+00	9.999639e-06	5.911213e-06
1.765999999999916e+00	9.999639e-06	5.757423e-06
1.766999999999916e+00	9.999639e-06	5.602732e-06
1.767999999999916e+00	9.999639e-06	5.447138e-06
1.768999999999916e+00	9.999639e-06	5.290645e-06
1.769999999999916e+00	9.999639e-06	5.133253e-06
1.770999999999916e+00	9.999639e-06	4.974964e-06
1.771999999999916e+00	9.999639e-06	4.815779e-06
1.772999999999916e+00	9.999639e-06	4.655699e-06
1.773999999999915e+00	9.999639e-06	4.494726e-06
1.774999999999915e+00	9.999639e-06	4.332860e-06
1.775999999999915e+00	9.999639e-06	4.170105e-06
1.776999999999915e+00	9.999639e-06	4.006459e-06
1.777999999999915e+00	9.999639e-06	3.841926e-06
1.778999999999915e+00	9.999639e-06	3.676505e-06
1.779999999999915e+00	9.999639e-06	3.510199e-06
1.780999999999915e+00	9.999639e-06	3.343008e-06
1.781999999999915e+00	9.999639e-06	3.174934e-06
1.782999999999914e+00	9.999639e-06	3.005978e-06
1.783999999999914e+00	9.999639e-06	2.836142e-06
1.784999999999914e+00	9.999639e-06	2.665426e-06
1.785999999999914e+00	9.999639e-06	2.493832e-06
1.786999999999914e+00	9.999639e-06	2.321362e-06
1.787999999999914e+00	9.999639e-06	2.148015e-06
1.788999999999914e+00	9.999639e-06	1.973794e-06
1.789999999999914e+00	9.999639e-06	1.798700e-06
1.790999999999914e+00	9.999639e-06	1.622734e-06
1.791999999999913e+00	9.999639e-06	1.445897e-06
1.792999999999913e+00	9.999639e-06	1.268191e-06
1.793999999999913e+00	9.999639e-06	1.089616e-06
1.794999999999913e+00	9.999639e-06	9.101746e-07
1.795999999999913e+00	9.999639e-06	7.298669e-07
1.796999999999913e+00	9.999639e-06	5.486943e-07
1.797999999999913e+00	9.999639e-06	3.666582e-07
1.798999999999913e+00	9.999639e-06	1.837597e-07
1.800000000000000e+00	9.999639e-06	2.858367e-16
