time	V(out)
0.000000000000000e+00	2.484121e-07
9.999999824516700e-15	2.524188e-07
1.999999964903340e-14	2.564660e-07
2.342285673182512e-11	9.987949e-06
4.682571346400121e-11	1.988193e-05
7.022857019617731e-11	2.993842e-05
9.363142692835340e-11	4.015740e-05
1.170342836605295e-10	5.053889e-05
1.404371403927056e-10	6.108288e-05
1.638399971248816e-10	7.178937e-05
3.276799942497632e-10	1.489195e-04
5.814208056320702e-10	3.122325e-04
7.115890528048970e-10	4.779647e-04
8.586313096758252e-10	7.547179e-04
9.057291643780303e-10	8.365985e-04
9.999248737824405e-10	9.644575e-04
1.000000000000000e-09	9.645348e-04
1.000150252435119e-09	9.643565e-04
1.000450757305357e-09	9.639996e-04
1.022344683565575e-09	9.375621e-04
1.044238609825793e-09	9.106729e-04
1.066132536086010e-09	8.833320e-04
1.088026462346228e-09	8.555395e-04
1.109920388606445e-09	8.272953e-04
1.131814314866663e-09	7.985994e-04
1.153708241126880e-09	7.694518e-04
1.307566734688879e-09	5.612748e-04
1.615283721812878e-09	1.405232e-04
2.094601931749101e-09	-4.840977e-04
2.692239876821265e-09	-1.167124e-03
3.488227306191470e-09	-1.903136e-03
4.488227306191471e-09	-2.610596e-03
5.488227306191471e-09	-3.129479e-03
6.488227306191470e-09	-3.499911e-03
7.488227306191470e-09	-3.762951e-03
8.488227306191471e-09	-3.948501e-03
9.488227306191472e-09	-4.078313e-03
1.048822730619147e-08	-4.168191e-03
1.148822730619147e-08	-4.229618e-03
1.248822730619147e-08	-4.270924e-03
1.348822730619147e-08	-4.298155e-03
1.448822730619148e-08	-4.315686e-03
1.548822730619147e-08	-4.326679e-03
1.648822730619147e-08	-4.333410e-03
1.748822730619147e-08	-4.337509e-03
1.848822730619147e-08	-4.340135e-03
1.948822730619147e-08	-4.342100e-03
2.048822730619147e-08	-4.343961e-03
2.248822730619147e-08	-4.348700e-03
2.377394159190575e-08	-4.353432e-03
2.505965587762004e-08	-4.358820e-03
2.634537016333432e-08	-4.364864e-03
2.763108444904861e-08	-4.371564e-03
2.891679873476289e-08	-4.378919e-03
3.020251302047718e-08	-4.386931e-03
3.148822730619147e-08	-4.395598e-03
3.448822730619147e-08	-4.413655e-03
3.663108444904862e-08	-4.425779e-03
3.877394159190577e-08	-4.435001e-03
4.091679873476292e-08	-4.441318e-03
4.305965587762007e-08	-4.444733e-03
4.520251302047721e-08	-4.445243e-03
4.734537016333437e-08	-4.442851e-03
4.948822730619151e-08	-4.437555e-03
5.148822730619151e-08	-4.427474e-03
5.348822730619152e-08	-4.412552e-03
5.548822730619152e-08	-4.391819e-03
5.748822730619153e-08	-4.364070e-03
5.948822730619153e-08	-4.327827e-03
6.148822730619152e-08	-4.281305e-03
6.348822730619151e-08	-4.222387e-03
6.548822730619150e-08	-4.148600e-03
6.748822730619150e-08	-4.057104e-03
6.948822730619149e-08	-3.944712e-03
7.148822730619148e-08	-3.807918e-03
7.348822730619147e-08	-3.642957e-03
7.548822730619146e-08	-3.445887e-03
7.748822730619145e-08	-3.212679e-03
7.948822730619145e-08	-2.939308e-03
8.248822730619143e-08	-2.445340e-03
8.548822730619142e-08	-1.839367e-03
8.748822730619141e-08	-1.367160e-03
8.948822730619140e-08	-8.363356e-04
9.148822730619139e-08	-2.440623e-04
9.248822730619139e-08	7.314186e-05
9.348822730619139e-08	4.035649e-04
9.448822730619138e-08	7.512679e-04
9.648822730619137e-08	1.505564e-03
9.848822730619136e-08	2.337184e-03
1.004882273061914e-07	3.246738e-03
1.024882273061913e-07	4.236263e-03
1.054882273061913e-07	5.876642e-03
1.084882273061913e-07	7.713944e-03
1.114882273061913e-07	9.759622e-03
1.144882273061913e-07	1.202543e-02
1.174882273061913e-07	1.452328e-02
1.204882273061913e-07	1.726525e-02
1.234882273061913e-07	2.026368e-02
1.267739415919055e-07	2.379871e-02
1.300596558776198e-07	2.773000e-02
1.333453701633341e-07	3.205754e-02
1.366310844490484e-07	3.678135e-02
1.399167987347626e-07	4.190141e-02
1.432025130204769e-07	4.741773e-02
1.464882273061912e-07	5.333031e-02
1.487739415919054e-07	5.772517e-02
1.510596558776197e-07	6.243757e-02
1.533453701633340e-07	6.746751e-02
1.556310844490483e-07	7.281501e-02
1.579167987347625e-07	7.848004e-02
1.602025130204768e-07	8.446262e-02
1.624882273061911e-07	9.076275e-02
1.654882273061911e-07	9.978603e-02
1.684882273061911e-07	1.096663e-01
1.714882273061911e-07	1.205382e-01
1.744882273061911e-07	1.325583e-01
1.774882273061910e-07	1.458949e-01
1.789167987347625e-07	1.527481e-01
1.803453701633339e-07	1.599621e-01
1.817739415919053e-07	1.675367e-01
1.832025130204767e-07	1.754721e-01
1.846310844490482e-07	1.837682e-01
1.860596558776196e-07	1.924250e-01
1.874882273061910e-07	2.014426e-01
1.903453701633338e-07	2.208778e-01
1.932025130204767e-07	2.410725e-01
1.960596558776195e-07	2.620265e-01
1.989167987347624e-07	2.837401e-01
2.017739415919052e-07	3.062130e-01
2.046310844490481e-07	3.294454e-01
2.074882273061909e-07	3.534372e-01
2.114882273061909e-07	3.872057e-01
2.154882273061909e-07	4.211613e-01
2.194882273061909e-07	4.553041e-01
2.234882273061908e-07	4.896341e-01
2.274882273061908e-07	5.241512e-01
2.314882273061908e-07	5.588555e-01
2.354882273061908e-07	5.937469e-01
2.492025130204768e-07	7.133109e-01
2.629167987347628e-07	8.327793e-01
2.766310844490488e-07	9.521521e-01
2.903453701633348e-07	1.071429e+00
3.040596558776208e-07	1.190611e+00
3.177739415919069e-07	1.309697e+00
3.314882273061929e-07	1.428688e+00
3.334882273061929e-07	1.445965e+00
3.354882273061930e-07	1.463149e+00
3.374882273061930e-07	1.480242e+00
3.394882273061930e-07	1.497241e+00
3.414882273061931e-07	1.514149e+00
3.434882273061931e-07	1.530964e+00
3.454882273061932e-07	1.547686e+00
3.484882273061932e-07	1.572137e+00
3.504882273061933e-07	1.587920e+00
3.524882273061933e-07	1.603094e+00
3.544882273061934e-07	1.617448e+00
3.564882273061934e-07	1.630762e+00
3.594882273061935e-07	1.648401e+00
3.624882273061936e-07	1.663025e+00
3.644882273061936e-07	1.671167e+00
3.654882273061936e-07	1.674803e+00
3.664882273061936e-07	1.678172e+00
3.674882273061937e-07	1.681298e+00
3.684882273061937e-07	1.684199e+00
3.694882273061937e-07	1.686896e+00
3.704882273061937e-07	1.689408e+00
3.714882273061938e-07	1.691753e+00
3.724882273061938e-07	1.693948e+00
3.734882273061938e-07	1.696006e+00
3.744882273061938e-07	1.697943e+00
3.754882273061938e-07	1.699769e+00
3.764882273061939e-07	1.701496e+00
3.784882273061939e-07	1.704689e+00
3.804882273061940e-07	1.707586e+00
3.824882273061940e-07	1.710235e+00
3.844882273061940e-07	1.712677e+00
3.874882273061941e-07	1.716013e+00
3.904882273061942e-07	1.719024e+00
3.934882273061942e-07	1.721766e+00
3.964882273061943e-07	1.724280e+00
3.989167987347658e-07	1.726148e+00
4.013453701633373e-07	1.727927e+00
4.037739415919088e-07	1.729616e+00
4.062025130204802e-07	1.731216e+00
4.086310844490518e-07	1.732726e+00
4.110596558776232e-07	1.734147e+00
4.134882273061947e-07	1.735479e+00
4.169167987347662e-07	1.737255e+00
4.203453701633377e-07	1.738942e+00
4.237739415919092e-07	1.740538e+00
4.272025130204807e-07	1.742044e+00
4.306310844490522e-07	1.743460e+00
4.340596558776237e-07	1.744786e+00
4.374882273061952e-07	1.746021e+00
4.422025130204810e-07	1.747621e+00
4.469167987347668e-07	1.749135e+00
4.516310844490527e-07	1.750565e+00
4.563453701633385e-07	1.751908e+00
4.610596558776243e-07	1.753167e+00
4.657739415919101e-07	1.754340e+00
4.704882273061960e-07	1.755428e+00
4.769167987347672e-07	1.756820e+00
4.833453701633385e-07	1.758135e+00
4.897739415919098e-07	1.759372e+00
4.962025130204811e-07	1.760531e+00
5.026310844490524e-07	1.761612e+00
5.090596558776236e-07	1.762616e+00
5.154882273061949e-07	1.763542e+00
5.242025130204804e-07	1.764717e+00
5.329167987347658e-07	1.765824e+00
5.416310844490513e-07	1.766863e+00
5.503453701633367e-07	1.767834e+00
5.590596558776222e-07	1.768736e+00
5.677739415919076e-07	1.769570e+00
5.764882273061931e-07	1.770337e+00
5.876310844490498e-07	1.771255e+00
5.987739415919066e-07	1.772120e+00
6.099167987347634e-07	1.772932e+00
6.210596558776203e-07	1.773692e+00
6.322025130204771e-07	1.774398e+00
6.433453701633339e-07	1.775051e+00
6.544882273061907e-07	1.775651e+00
6.617739415919047e-07	1.776029e+00
6.690596558776188e-07	1.776396e+00
6.763453701633329e-07	1.776750e+00
6.836310844490469e-07	1.777091e+00
6.909167987347610e-07	1.777421e+00
6.982025130204751e-07	1.777738e+00
7.054882273061891e-07	1.778043e+00
7.103453701633318e-07	1.778243e+00
7.152025130204745e-07	1.778440e+00
7.200596558776173e-07	1.778631e+00
7.249167987347600e-07	1.778819e+00
7.297739415919026e-07	1.779002e+00
7.346310844490453e-07	1.779181e+00
7.394882273061881e-07	1.779356e+00
7.459167987347592e-07	1.779580e+00
7.523453701633305e-07	1.779790e+00
7.587739415919017e-07	1.779988e+00
7.652025130204730e-07	1.780173e+00
7.716310844490442e-07	1.780344e+00
7.780596558776155e-07	1.780503e+00
7.844882273061867e-07	1.780649e+00
7.924882273061864e-07	1.780804e+00
8.004882273061862e-07	1.780944e+00
8.084882273061859e-07	1.781066e+00
8.164882273061857e-07	1.781173e+00
8.244882273061854e-07	1.781262e+00
8.324882273061852e-07	1.781336e+00
8.404882273061849e-07	1.781392e+00
8.509167987347560e-07	1.781452e+00
8.613453701633272e-07	1.781503e+00
8.717739415918982e-07	1.781546e+00
8.822025130204694e-07	1.781580e+00
8.926310844490405e-07	1.781606e+00
9.030596558776116e-07	1.781624e+00
9.134882273061827e-07	1.781634e+00
9.242025130204686e-07	1.781644e+00
9.349167987347546e-07	1.781653e+00
9.456310844490404e-07	1.781660e+00
9.563453701633263e-07	1.781665e+00
9.670596558776122e-07	1.781670e+00
9.777739415918982e-07	1.781672e+00
9.884882273061841e-07	1.781674e+00
9.894882273061842e-07	1.781674e+00
1.000000000000000e-06	1.781675e+00
1.001000000000000e-06	1.781676e+00
1.001016325214524e-06	1.781613e+00
1.001048975643571e-06	1.781490e+00
1.001114276501665e-06	1.781268e+00
1.001244878217854e-06	1.780937e+00
1.001397720572448e-06	1.780724e+00
1.001497304295569e-06	1.780739e+00
1.001610913948647e-06	1.780901e+00
1.001683091320288e-06	1.781030e+00
1.001771894872560e-06	1.781185e+00
1.001822392895457e-06	1.781268e+00
1.001899003954206e-06	1.781386e+00
1.002000000000000e-06	1.781534e+00
1.002010099604579e-06	1.781552e+00
1.002030298813738e-06	1.781589e+00
1.002070697232055e-06	1.781659e+00
1.002151494068690e-06	1.781790e+00
1.002313087741960e-06	1.782018e+00
1.002636275088500e-06	1.782375e+00
1.003073736975310e-06	1.782708e+00
1.003655685807781e-06	1.782972e+00
1.004526642808973e-06	1.783183e+00
1.005526642808973e-06	1.783310e+00
1.006526642808973e-06	1.783376e+00
1.007526642808973e-06	1.783409e+00
1.008526642808973e-06	1.783419e+00
1.009526642808974e-06	1.783413e+00
1.010526642808974e-06	1.783394e+00
1.011526642808974e-06	1.783366e+00
1.012526642808974e-06	1.783329e+00
1.013526642808974e-06	1.783287e+00
1.014526642808974e-06	1.783240e+00
1.015526642808974e-06	1.783190e+00
1.016526642808974e-06	1.783137e+00
1.018526642808974e-06	1.783025e+00
1.021526642808974e-06	1.782848e+00
1.024383785666118e-06	1.782671e+00
1.027240928523261e-06	1.782489e+00
1.030098071380404e-06	1.782303e+00
1.032955214237547e-06	1.782111e+00
1.035812357094690e-06	1.781914e+00
1.038669499951833e-06	1.781712e+00
1.041526642808976e-06	1.781505e+00
1.048383785666119e-06	1.780998e+00
1.055240928523263e-06	1.780442e+00
1.062098071380406e-06	1.779838e+00
1.068955214237549e-06	1.779185e+00
1.075812357094693e-06	1.778484e+00
1.082669499951836e-06	1.777735e+00
1.089526642808980e-06	1.776937e+00
1.094383785666123e-06	1.776331e+00
1.099240928523266e-06	1.775673e+00
1.104098071380409e-06	1.774964e+00
1.108955214237552e-06	1.774204e+00
1.113812357094696e-06	1.773391e+00
1.118669499951839e-06	1.772528e+00
1.123526642808982e-06	1.771613e+00
1.127240928523268e-06	1.770867e+00
1.130955214237554e-06	1.770061e+00
1.134669499951840e-06	1.769193e+00
1.138383785666126e-06	1.768264e+00
1.142098071380412e-06	1.767275e+00
1.145812357094698e-06	1.766224e+00
1.149526642808984e-06	1.765113e+00
1.152383785666127e-06	1.764203e+00
1.155240928523270e-06	1.763222e+00
1.158098071380413e-06	1.762169e+00
1.160955214237556e-06	1.761045e+00
1.163812357094699e-06	1.759848e+00
1.166669499951842e-06	1.758580e+00
1.169526642808986e-06	1.757241e+00
1.171812357094700e-06	1.756103e+00
1.174098071380415e-06	1.754875e+00
1.176383785666129e-06	1.753557e+00
1.178669499951843e-06	1.752150e+00
1.180955214237558e-06	1.750652e+00
1.183240928523272e-06	1.749065e+00
1.185526642808987e-06	1.747387e+00
1.188526642808987e-06	1.744962e+00
1.191526642808987e-06	1.742285e+00
1.194526642808987e-06	1.739316e+00
1.197526642808988e-06	1.736003e+00
1.200526642808988e-06	1.732283e+00
1.202526642808988e-06	1.729539e+00
1.204526642808988e-06	1.726549e+00
1.206526642808988e-06	1.723280e+00
1.208526642808988e-06	1.719689e+00
1.210526642808989e-06	1.715725e+00
1.212526642808989e-06	1.711326e+00
1.214526642808989e-06	1.706418e+00
1.215526642808989e-06	1.703743e+00
1.216526642808989e-06	1.700905e+00
1.217526642808989e-06	1.697888e+00
1.218526642808989e-06	1.694676e+00
1.219526642808989e-06	1.691252e+00
1.220526642808989e-06	1.687595e+00
1.221526642808989e-06	1.683686e+00
1.222526642808990e-06	1.679504e+00
1.224526642808990e-06	1.670231e+00
1.226526642808990e-06	1.659611e+00
1.227526642808990e-06	1.653749e+00
1.228526642808990e-06	1.647502e+00
1.229526642808990e-06	1.640869e+00
1.230526642808990e-06	1.633851e+00
1.231526642808990e-06	1.626448e+00
1.232526642808990e-06	1.618660e+00
1.233526642808990e-06	1.610487e+00
1.236526642808991e-06	1.583932e+00
1.239526642808991e-06	1.554612e+00
1.242526642808991e-06	1.522964e+00
1.245240928523277e-06	1.492259e+00
1.247955214237563e-06	1.460619e+00
1.250669499951849e-06	1.428042e+00
1.253383785666135e-06	1.394530e+00
1.256098071380421e-06	1.360082e+00
1.258812357094706e-06	1.324698e+00
1.261526642808992e-06	1.288379e+00
1.266812357094707e-06	1.216178e+00
1.272098071380422e-06	1.143056e+00
1.277383785666137e-06	1.069013e+00
1.282669499951851e-06	9.940491e-01
1.287955214237566e-06	9.181641e-01
1.293240928523281e-06	8.413580e-01
1.298526642808995e-06	7.636308e-01
1.302955214237567e-06	6.984854e-01
1.307383785666139e-06	6.332562e-01
1.311812357094710e-06	5.679433e-01
1.316240928523282e-06	5.025465e-01
1.320669499951854e-06	4.370660e-01
1.325098071380426e-06	3.715017e-01
1.329526642808998e-06	3.058537e-01
1.330669499951855e-06	2.889460e-01
1.331812357094712e-06	2.721206e-01
1.332955214237569e-06	2.553774e-01
1.334098071380427e-06	2.387164e-01
1.335240928523284e-06	2.221376e-01
1.336383785666141e-06	2.056411e-01
1.337526642808998e-06	1.892268e-01
1.338526642808998e-06	1.751369e-01
1.339526642808998e-06	1.613138e-01
1.340526642808998e-06	1.478558e-01
1.341526642808998e-06	1.348825e-01
1.342526642808999e-06	1.225257e-01
1.343526642808999e-06	1.109129e-01
1.344526642808999e-06	1.001487e-01
1.345526642808999e-06	9.030060e-02
1.346526642808999e-06	8.139354e-02
1.347526642808999e-06	7.341258e-02
1.348526642808999e-06	6.631160e-02
1.349526642808999e-06	6.002378e-02
1.350526642808999e-06	5.447149e-02
1.351526642808999e-06	4.957406e-02
1.352526642808999e-06	4.525305e-02
1.353526642808999e-06	4.143539e-02
1.354526642808999e-06	3.805520e-02
1.355526642809000e-06	3.505440e-02
1.356526642809000e-06	3.238245e-02
1.357526642809000e-06	2.999580e-02
1.358526642809000e-06	2.785732e-02
1.359526642809000e-06	2.593540e-02
1.360526642809000e-06	2.420327e-02
1.361526642809000e-06	2.263822e-02
1.362526642809000e-06	2.122105e-02
1.363526642809000e-06	1.993547e-02
1.364526642809000e-06	1.876763e-02
1.365526642809000e-06	1.770573e-02
1.366526642809000e-06	1.673966e-02
1.367526642809000e-06	1.586071e-02
1.368526642809001e-06	1.506134e-02
1.369526642809001e-06	1.433496e-02
1.370526642809001e-06	1.367573e-02
1.371526642809001e-06	1.307846e-02
1.372526642809001e-06	1.253844e-02
1.373526642809001e-06	1.205136e-02
1.374526642809001e-06	1.161320e-02
1.375526642809001e-06	1.122016e-02
1.376526642809001e-06	1.086865e-02
1.377526642809001e-06	1.055517e-02
1.378526642809001e-06	1.027637e-02
1.379526642809001e-06	1.002897e-02
1.380526642809001e-06	9.809812e-03
1.381526642809001e-06	9.615816e-03
1.382526642809002e-06	9.444010e-03
1.383526642809002e-06	9.291529e-03
1.384526642809002e-06	9.155607e-03
1.385526642809002e-06	9.033580e-03
1.386526642809002e-06	8.922875e-03
1.387526642809002e-06	8.820998e-03
1.388526642809002e-06	8.725522e-03
1.389526642809002e-06	8.634081e-03
1.390526642809002e-06	8.544369e-03
1.391526642809002e-06	8.454149e-03
1.392526642809002e-06	8.361287e-03
1.393526642809002e-06	8.263791e-03
1.394526642809002e-06	8.159860e-03
1.395526642809003e-06	8.047945e-03
1.397526642809003e-06	7.795513e-03
1.400526642809003e-06	7.337239e-03
1.402526642809003e-06	6.980444e-03
1.403526642809003e-06	6.788868e-03
1.404526642809003e-06	6.589954e-03
1.405526642809003e-06	6.384925e-03
1.406526642809003e-06	6.175051e-03
1.408526642809004e-06	5.745850e-03
1.410526642809004e-06	5.312046e-03
1.412526642809004e-06	4.882164e-03
1.414526642809004e-06	4.463209e-03
1.417526642809004e-06	3.866736e-03
1.419098071380433e-06	3.572670e-03
1.420669499951862e-06	3.293983e-03
1.422240928523290e-06	3.030674e-03
1.423812357094719e-06	2.782744e-03
1.425383785666148e-06	2.550192e-03
1.426955214237576e-06	2.333020e-03
1.428526642809005e-06	2.131225e-03
1.431383785666148e-06	1.812424e-03
1.434240928523291e-06	1.527746e-03
1.437098071380434e-06	1.277191e-03
1.439955214237577e-06	1.060760e-03
1.442812357094720e-06	8.784519e-04
1.445669499951863e-06	7.302674e-04
1.448526642809007e-06	6.162062e-04
1.451526642809007e-06	5.071129e-04
1.454526642809007e-06	4.168324e-04
1.457526642809007e-06	3.422956e-04
1.460526642809007e-06	2.808746e-04
1.462955214237579e-06	2.409863e-04
1.465383785666151e-06	2.053483e-04
1.467812357094722e-06	1.739603e-04
1.470240928523294e-06	1.468226e-04
1.472669499951865e-06	1.239349e-04
1.475098071380437e-06	1.052975e-04
1.477526642809009e-06	9.091014e-05
1.481098071380438e-06	7.324016e-05
1.484669499951866e-06	5.795784e-05
1.488240928523295e-06	4.506320e-05
1.491812357094724e-06	3.455622e-05
1.495383785666153e-06	2.643691e-05
1.498955214237582e-06	2.070527e-05
1.502526642809011e-06	1.736130e-05
1.510098071380440e-06	1.201866e-05
1.517669499951869e-06	7.666292e-06
1.525240928523298e-06	4.304191e-06
1.532812357094727e-06	1.932361e-06
1.540383785666156e-06	5.508000e-07
1.547955214237585e-06	1.595087e-07
1.555526642809015e-06	7.584870e-07
1.995526642809047e-06	2.484123e-07
1.999893034739532e-06	2.484123e-07
2.000000000000000e-06	2.484123e-07
2.000010696526047e-06	4.665685e-06
2.000032089578140e-06	1.362875e-05
2.000074875682327e-06	3.207634e-05
2.000160447890701e-06	7.029524e-05
2.000331592307450e-06	1.498102e-04
2.000558155495930e-06	2.896935e-04
2.000696899638580e-06	4.570378e-04
2.000849946815256e-06	7.406808e-04
2.000857912969017e-06	7.568126e-04
2.000873845276539e-06	7.875966e-04
2.000905709891583e-06	8.444204e-04
2.000938878243340e-06	8.981245e-04
2.000954523083907e-06	9.186825e-04
2.000975382871328e-06	9.422098e-04
2.001000000000000e-06	9.664105e-04
2.001002461712867e-06	9.634625e-04
2.001007385138601e-06	9.575466e-04
2.001036925693008e-06	9.214059e-04
2.001076313098882e-06	8.717226e-04
2.001155087910632e-06	7.686236e-04
2.001312637534131e-06	5.548610e-04
2.001627736781130e-06	1.236696e-04
2.002107253586703e-06	-4.997754e-04
2.002717724923118e-06	-1.193255e-03
2.003528404423298e-06	-1.936049e-03
2.004528404423299e-06	-2.635188e-03
2.005528404423299e-06	-3.147069e-03
2.006528404423299e-06	-3.512432e-03
2.007528404423299e-06	-3.771811e-03
2.008528404423299e-06	-3.954724e-03
2.009528404423299e-06	-4.082643e-03
2.010528404423299e-06	-4.171170e-03
2.011528404423299e-06	-4.231636e-03
2.012528404423299e-06	-4.272268e-03
2.013528404423299e-06	-4.299030e-03
2.014528404423299e-06	-4.316241e-03
2.015528404423299e-06	-4.327022e-03
2.016528404423299e-06	-4.333617e-03
2.017528404423299e-06	-4.337636e-03
2.018528404423300e-06	-4.340221e-03
2.019528404423300e-06	-4.342172e-03
2.020528404423300e-06	-4.344037e-03
2.022528404423300e-06	-4.348816e-03
2.023814118709014e-06	-4.353586e-03
2.025099832994729e-06	-4.359005e-03
2.026385547280443e-06	-4.365075e-03
2.027671261566158e-06	-4.371794e-03
2.028956975851872e-06	-4.379163e-03
2.030242690137586e-06	-4.387182e-03
2.031528404423301e-06	-4.395850e-03
2.034528404423301e-06	-4.413880e-03
2.036671261566158e-06	-4.425972e-03
2.038814118709015e-06	-4.435153e-03
2.040956975851873e-06	-4.441423e-03
2.043099832994730e-06	-4.444782e-03
2.045242690137587e-06	-4.445231e-03
2.047385547280444e-06	-4.442768e-03
2.049528404423302e-06	-4.437394e-03
2.051528404423302e-06	-4.427225e-03
2.053528404423302e-06	-4.412196e-03
2.055528404423302e-06	-4.391334e-03
2.057528404423303e-06	-4.363430e-03
2.059528404423303e-06	-4.326999e-03
2.061528404423303e-06	-4.280250e-03
2.063528404423303e-06	-4.221059e-03
2.065528404423303e-06	-4.146944e-03
2.067528404423303e-06	-4.055061e-03
2.069528404423303e-06	-3.942213e-03
2.071528404423304e-06	-3.804891e-03
2.073528404423304e-06	-3.639323e-03
2.075528404423304e-06	-3.441566e-03
2.077528404423304e-06	-3.207590e-03
2.079528404423304e-06	-2.933371e-03
2.082528404423304e-06	-2.437984e-03
2.085528404423305e-06	-1.830425e-03
2.087528404423305e-06	-1.357073e-03
2.089528404423305e-06	-8.250351e-04
2.091528404423305e-06	-2.315816e-04
2.092528404423305e-06	8.611432e-05
2.093528404423305e-06	4.171999e-04
2.094528404423305e-06	7.656936e-04
2.096528404423305e-06	1.521539e-03
2.098528404423306e-06	2.354707e-03
2.100528404423306e-06	3.265843e-03
2.102528404423306e-06	4.257001e-03
2.105528404423306e-06	5.899947e-03
2.108528404423306e-06	7.739966e-03
2.111528404423307e-06	9.788518e-03
2.114528404423307e-06	1.205736e-02
2.117528404423307e-06	1.455840e-02
2.120528404423307e-06	1.730373e-02
2.123528404423307e-06	2.030568e-02
2.126814118709022e-06	2.384467e-02
2.130099832994736e-06	2.778024e-02
2.133385547280451e-06	3.211237e-02
2.136671261566166e-06	3.684106e-02
2.139956975851880e-06	4.196632e-02
2.143242690137595e-06	4.748815e-02
2.146528404423309e-06	5.340655e-02
2.148814118709024e-06	5.780568e-02
2.151099832994738e-06	6.252282e-02
2.153385547280452e-06	6.755796e-02
2.155671261566167e-06	7.291110e-02
2.157956975851882e-06	7.858226e-02
2.160242690137596e-06	8.457141e-02
2.162528404423310e-06	9.087858e-02
2.165528404423311e-06	9.991255e-02
2.168528404423311e-06	1.098052e-01
2.171528404423311e-06	1.206914e-01
2.174528404423311e-06	1.327280e-01
2.177528404423312e-06	1.460834e-01
2.178956975851883e-06	1.529466e-01
2.180385547280454e-06	1.601706e-01
2.181814118709026e-06	1.677552e-01
2.183242690137598e-06	1.757007e-01
2.184671261566169e-06	1.840068e-01
2.186099832994741e-06	1.926737e-01
2.187528404423312e-06	2.017013e-01
2.190385547280455e-06	2.211540e-01
2.193242690137598e-06	2.413640e-01
2.196099832994741e-06	2.623311e-01
2.198956975851885e-06	2.840555e-01
2.201814118709028e-06	3.065371e-01
2.204671261566171e-06	3.297760e-01
2.207528404423314e-06	3.537720e-01
2.211528404423314e-06	3.875448e-01
2.215528404423314e-06	4.215040e-01
2.219528404423315e-06	4.556497e-01
2.223528404423315e-06	4.899818e-01
2.227528404423315e-06	5.245003e-01
2.231528404423316e-06	5.592052e-01
2.235528404423316e-06	5.940965e-01
2.249242690137603e-06	7.136613e-01
2.262956975851889e-06	8.331300e-01
2.276671261566176e-06	9.525028e-01
2.290385547280463e-06	1.071780e+00
2.304099832994749e-06	1.190961e+00
2.317814118709036e-06	1.310046e+00
2.331528404423323e-06	1.429035e+00
2.333528404423323e-06	1.446311e+00
2.335528404423323e-06	1.463495e+00
2.337528404423324e-06	1.480586e+00
2.339528404423324e-06	1.497583e+00
2.341528404423324e-06	1.514488e+00
2.343528404423324e-06	1.531300e+00
2.345528404423324e-06	1.548019e+00
2.348528404423324e-06	1.572459e+00
2.350528404423325e-06	1.588232e+00
2.352528404423325e-06	1.603391e+00
2.354528404423325e-06	1.617727e+00
2.356528404423325e-06	1.631018e+00
2.359528404423325e-06	1.648618e+00
2.362528404423325e-06	1.663200e+00
2.364528404423326e-06	1.671319e+00
2.365528404423326e-06	1.674943e+00
2.366528404423326e-06	1.678303e+00
2.367528404423326e-06	1.681418e+00
2.368528404423326e-06	1.684311e+00
2.369528404423326e-06	1.687001e+00
2.370528404423326e-06	1.689506e+00
2.371528404423326e-06	1.691844e+00
2.372528404423326e-06	1.694033e+00
2.373528404423326e-06	1.696087e+00
2.374528404423326e-06	1.698018e+00
2.375528404423326e-06	1.699840e+00
2.376528404423326e-06	1.701564e+00
2.378528404423327e-06	1.704750e+00
2.380528404423327e-06	1.707641e+00
2.382528404423327e-06	1.710286e+00
2.384528404423327e-06	1.712724e+00
2.387528404423327e-06	1.716055e+00
2.390528404423328e-06	1.719062e+00
2.393528404423328e-06	1.721801e+00
2.396528404423328e-06	1.724312e+00
2.398956975851900e-06	1.726178e+00
2.401385547280471e-06	1.727955e+00
2.403814118709043e-06	1.729643e+00
2.406242690137614e-06	1.731241e+00
2.408671261566186e-06	1.732750e+00
2.411099832994758e-06	1.734170e+00
2.413528404423329e-06	1.735501e+00
2.416956975851901e-06	1.737276e+00
2.420385547280472e-06	1.738961e+00
2.423814118709044e-06	1.740556e+00
2.427242690137616e-06	1.742061e+00
2.430671261566188e-06	1.743476e+00
2.434099832994759e-06	1.744801e+00
2.437528404423331e-06	1.746035e+00
2.442242690137617e-06	1.747634e+00
2.446956975851903e-06	1.749148e+00
2.451671261566189e-06	1.750576e+00
2.456385547280475e-06	1.751919e+00
2.461099832994761e-06	1.753177e+00
2.465814118709047e-06	1.754350e+00
2.470528404423334e-06	1.755437e+00
2.476956975851906e-06	1.756829e+00
2.483385547280477e-06	1.758143e+00
2.489814118709049e-06	1.759379e+00
2.496242690137621e-06	1.760538e+00
2.502671261566193e-06	1.761619e+00
2.509099832994765e-06	1.762622e+00
2.515528404423337e-06	1.763548e+00
2.524242690137623e-06	1.764723e+00
2.532956975851910e-06	1.765829e+00
2.541671261566196e-06	1.766868e+00
2.550385547280482e-06	1.767838e+00
2.559099832994769e-06	1.768740e+00
2.567814118709055e-06	1.769574e+00
2.576528404423341e-06	1.770340e+00
2.587671261566200e-06	1.771258e+00
2.598814118709057e-06	1.772123e+00
2.609956975851916e-06	1.772935e+00
2.621099832994773e-06	1.773694e+00
2.632242690137631e-06	1.774400e+00
2.643385547280489e-06	1.775053e+00
2.654528404423347e-06	1.775653e+00
2.661814118709062e-06	1.776031e+00
2.669099832994777e-06	1.776398e+00
2.676385547280492e-06	1.776752e+00
2.683671261566207e-06	1.777093e+00
2.690956975851922e-06	1.777423e+00
2.698242690137636e-06	1.777740e+00
2.705528404423351e-06	1.778045e+00
2.710385547280494e-06	1.778245e+00
2.715242690137638e-06	1.778441e+00
2.720099832994781e-06	1.778633e+00
2.724956975851924e-06	1.778820e+00
2.729814118709067e-06	1.779004e+00
2.734671261566211e-06	1.779183e+00
2.739528404423354e-06	1.779357e+00
2.745956975851926e-06	1.779581e+00
2.752385547280497e-06	1.779792e+00
2.758814118709069e-06	1.779989e+00
2.765242690137641e-06	1.780174e+00
2.771671261566213e-06	1.780346e+00
2.778099832994785e-06	1.780504e+00
2.784528404423357e-06	1.780650e+00
2.792528404423358e-06	1.780805e+00
2.800528404423358e-06	1.780944e+00
2.808528404423359e-06	1.781067e+00
2.816528404423360e-06	1.781173e+00
2.824528404423360e-06	1.781263e+00
2.832528404423361e-06	1.781336e+00
2.840528404423361e-06	1.781393e+00
2.850956975851934e-06	1.781452e+00
2.861385547280506e-06	1.781503e+00
2.871814118709078e-06	1.781546e+00
2.882242690137650e-06	1.781580e+00
2.892671261566223e-06	1.781607e+00
2.903099832994794e-06	1.781624e+00
2.913528404423367e-06	1.781634e+00
2.923671261566225e-06	1.781644e+00
2.933814118709083e-06	1.781652e+00
2.943956975851941e-06	1.781659e+00
2.954099832994798e-06	1.781664e+00
2.964242690137656e-06	1.781669e+00
2.974385547280514e-06	1.781671e+00
2.984528404423372e-06	1.781673e+00
2.985528404423372e-06	1.781673e+00
3.000704265402419e-06	1.781676e+00
3.001000000000000e-06	1.781676e+00
3.001011241197082e-06	1.781633e+00
3.001033723591247e-06	1.781548e+00
3.001078688379578e-06	1.781383e+00
3.001168617956239e-06	1.781112e+00
3.001332596727670e-06	1.780812e+00
3.001498163899861e-06	1.780758e+00
3.001603510939310e-06	1.780880e+00
3.001687378544496e-06	1.781030e+00
3.001780497534966e-06	1.781193e+00
3.001825593838403e-06	1.781267e+00
3.001915786445277e-06	1.781406e+00
3.002000000000000e-06	1.781529e+00
3.002008421355472e-06	1.781544e+00
3.002025264066417e-06	1.781574e+00
3.002058949488307e-06	1.781634e+00
3.002126320332085e-06	1.781746e+00
3.002261062019642e-06	1.781946e+00
3.002530545394756e-06	1.782266e+00
3.002968816141084e-06	1.782638e+00
3.003480958727740e-06	1.782908e+00
3.004281384852401e-06	1.783136e+00
3.005281384852401e-06	1.783286e+00
3.006281384852401e-06	1.783363e+00
3.007281384852401e-06	1.783403e+00
3.008281384852401e-06	1.783418e+00
3.009281384852401e-06	1.783416e+00
3.010281384852401e-06	1.783400e+00
3.011281384852401e-06	1.783373e+00
3.012281384852401e-06	1.783339e+00
3.013281384852401e-06	1.783298e+00
3.014281384852401e-06	1.783252e+00
3.015281384852401e-06	1.783203e+00
3.016281384852401e-06	1.783150e+00
3.018281384852402e-06	1.783040e+00
3.021281384852402e-06	1.782863e+00
3.023995670566688e-06	1.782696e+00
3.026709956280974e-06	1.782524e+00
3.029424241995260e-06	1.782347e+00
3.032138527709545e-06	1.782166e+00
3.034852813423831e-06	1.781981e+00
3.037567099138117e-06	1.781791e+00
3.040281384852403e-06	1.781596e+00
3.047138527709546e-06	1.781095e+00
3.053995670566690e-06	1.780546e+00
3.060852813423833e-06	1.779950e+00
3.067709956280977e-06	1.779306e+00
3.074567099138120e-06	1.778615e+00
3.081424241995264e-06	1.777876e+00
3.088281384852407e-06	1.777090e+00
3.093281384852407e-06	1.776476e+00
3.098281384852408e-06	1.775808e+00
3.103281384852408e-06	1.775087e+00
3.108281384852408e-06	1.774311e+00
3.113281384852409e-06	1.773482e+00
3.118281384852409e-06	1.772599e+00
3.123281384852410e-06	1.771662e+00
3.126995670566696e-06	1.770919e+00
3.130709956280982e-06	1.770116e+00
3.134424241995268e-06	1.769252e+00
3.138138527709553e-06	1.768328e+00
3.141852813423839e-06	1.767343e+00
3.145567099138125e-06	1.766297e+00
3.149281384852411e-06	1.765191e+00
3.152138527709554e-06	1.764286e+00
3.154995670566698e-06	1.763310e+00
3.157852813423841e-06	1.762263e+00
3.160709956280984e-06	1.761144e+00
3.163567099138127e-06	1.759955e+00
3.166424241995270e-06	1.758695e+00
3.169281384852413e-06	1.757363e+00
3.171567099138127e-06	1.756232e+00
3.173852813423842e-06	1.755012e+00
3.176138527709556e-06	1.753703e+00
3.178424241995271e-06	1.752305e+00
3.180709956280985e-06	1.750819e+00
3.182995670566700e-06	1.749243e+00
3.185281384852414e-06	1.747578e+00
3.188281384852414e-06	1.745172e+00
3.191281384852415e-06	1.742518e+00
3.194281384852415e-06	1.739574e+00
3.197281384852415e-06	1.736292e+00
3.200281384852415e-06	1.732609e+00
3.202281384852415e-06	1.729893e+00
3.204281384852416e-06	1.726936e+00
3.206281384852416e-06	1.723703e+00
3.208281384852416e-06	1.720155e+00
3.210281384852416e-06	1.716240e+00
3.212281384852416e-06	1.711900e+00
3.214281384852416e-06	1.707059e+00
3.215281384852416e-06	1.704424e+00
3.216281384852417e-06	1.701628e+00
3.217281384852417e-06	1.698657e+00
3.218281384852417e-06	1.695495e+00
3.219281384852417e-06	1.692125e+00
3.220281384852417e-06	1.688528e+00
3.221281384852417e-06	1.684683e+00
3.222281384852417e-06	1.680571e+00
3.224281384852417e-06	1.671455e+00
3.226281384852417e-06	1.661011e+00
3.227281384852417e-06	1.655245e+00
3.228281384852417e-06	1.649094e+00
3.229281384852417e-06	1.642557e+00
3.230281384852418e-06	1.635634e+00
3.231281384852418e-06	1.628326e+00
3.232281384852418e-06	1.620631e+00
3.233281384852418e-06	1.612551e+00
3.236281384852418e-06	1.586246e+00
3.239281384852418e-06	1.557138e+00
3.242281384852418e-06	1.525668e+00
3.244995670566704e-06	1.495092e+00
3.247709956280990e-06	1.463566e+00
3.250424241995276e-06	1.431091e+00
3.253138527709562e-06	1.397668e+00
3.255852813423848e-06	1.363295e+00
3.258567099138134e-06	1.327973e+00
3.261281384852420e-06	1.291702e+00
3.266567099138135e-06	1.219579e+00
3.271852813423849e-06	1.146525e+00
3.277138527709564e-06	1.072538e+00
3.282424241995279e-06	9.976203e-01
3.287709956280993e-06	9.217706e-01
3.292995670566708e-06	8.449892e-01
3.298281384852423e-06	7.672762e-01
3.302709956280995e-06	7.021458e-01
3.307138527709566e-06	6.369280e-01
3.311567099138138e-06	5.716226e-01
3.315995670566710e-06	5.062297e-01
3.320424241995282e-06	4.407493e-01
3.324852813423853e-06	3.751814e-01
3.329281384852425e-06	3.095260e-01
3.330424241995282e-06	2.926169e-01
3.331567099138139e-06	2.757842e-01
3.332709956280997e-06	2.590277e-01
3.333852813423854e-06	2.423476e-01
3.334995670566711e-06	2.257438e-01
3.336138527709568e-06	2.092163e-01
3.337281384852426e-06	1.927651e-01
3.338281384852426e-06	1.786212e-01
3.339281384852426e-06	1.647236e-01
3.340281384852426e-06	1.511642e-01
3.341281384852426e-06	1.380582e-01
3.342281384852426e-06	1.255357e-01
3.343281384852426e-06	1.137268e-01
3.344281384852426e-06	1.027435e-01
3.345281384852426e-06	9.266341e-02
3.346281384852426e-06	8.352216e-02
3.347281384852426e-06	7.531402e-02
3.348281384852426e-06	6.799969e-02
3.349281384852427e-06	6.151652e-02
3.350281384852427e-06	5.578874e-02
3.351281384852427e-06	5.073587e-02
3.352281384852427e-06	4.627853e-02
3.353281384852427e-06	4.234210e-02
3.354281384852427e-06	3.885883e-02
3.355281384852427e-06	3.576871e-02
3.356281384852427e-06	3.301926e-02
3.357281384852427e-06	3.056530e-02
3.358281384852427e-06	2.836820e-02
3.359281384852427e-06	2.639505e-02
3.360281384852427e-06	2.461795e-02
3.361281384852427e-06	2.301323e-02
3.362281384852427e-06	2.156088e-02
3.363281384852428e-06	2.024392e-02
3.364281384852428e-06	1.904795e-02
3.365281384852428e-06	1.796069e-02
3.366281384852428e-06	1.697163e-02
3.367281384852428e-06	1.607174e-02
3.368281384852428e-06	1.525322e-02
3.369281384852428e-06	1.450924e-02
3.370281384852428e-06	1.383380e-02
3.371281384852428e-06	1.322157e-02
3.372281384852428e-06	1.266772e-02
3.373281384852428e-06	1.216785e-02
3.374281384852428e-06	1.171788e-02
3.375281384852428e-06	1.131396e-02
3.376281384852429e-06	1.095244e-02
3.377281384852429e-06	1.062981e-02
3.378281384852429e-06	1.034269e-02
3.379281384852429e-06	1.008778e-02
3.380281384852429e-06	9.861881e-03
3.381281384852429e-06	9.661905e-03
3.382281384852429e-06	9.484849e-03
3.383281384852429e-06	9.327821e-03
3.384281384852429e-06	9.188031e-03
3.385281384852429e-06	9.062789e-03
3.386281384852429e-06	8.949503e-03
3.387281384852429e-06	8.845658e-03
3.388281384852429e-06	8.748813e-03
3.389281384852430e-06	8.656587e-03
3.390281384852430e-06	8.566655e-03
3.391281384852430e-06	8.476767e-03
3.392281384852430e-06	8.384756e-03
3.393281384852430e-06	8.288590e-03
3.394281384852430e-06	8.186416e-03
3.395281384852430e-06	8.076617e-03
3.396281384852430e-06	7.957866e-03
3.396995670566716e-06	7.867027e-03
3.397709956281002e-06	7.770744e-03
3.398424241995288e-06	7.669020e-03
3.399138527709573e-06	7.561853e-03
3.399852813423859e-06	7.449244e-03
3.400567099138145e-06	7.331192e-03
3.401281384852430e-06	7.207699e-03
3.403281384852431e-06	6.837280e-03
3.404281384852431e-06	6.640081e-03
3.405281384852431e-06	6.436456e-03
3.406281384852431e-06	6.227668e-03
3.408281384852431e-06	5.799701e-03
3.410281384852431e-06	5.365977e-03
3.412281384852431e-06	4.935193e-03
3.414281384852431e-06	4.514550e-03
3.417281384852432e-06	3.914491e-03
3.418852813423860e-06	3.618097e-03
3.420424241995289e-06	3.337058e-03
3.421995670566718e-06	3.071374e-03
3.423567099138146e-06	2.821046e-03
3.425138527709575e-06	2.586072e-03
3.426709956281004e-06	2.366455e-03
3.428281384852432e-06	2.162192e-03
3.431138527709575e-06	1.839290e-03
3.433995670566719e-06	1.550880e-03
3.436852813423862e-06	1.296962e-03
3.439709956281005e-06	1.077536e-03
3.442567099138148e-06	8.926015e-04
3.445424241995291e-06	7.421593e-04
3.448281384852434e-06	6.262091e-04
3.451281384852434e-06	5.154025e-04
3.454281384852434e-06	4.236843e-04
3.457281384852435e-06	3.479472e-04
3.460281384852435e-06	2.855280e-04
3.462709956281007e-06	2.449854e-04
3.465138527709578e-06	2.087617e-04
3.467567099138150e-06	1.768569e-04
3.469995670566721e-06	1.492711e-04
3.472424241995293e-06	1.260042e-04
3.474852813423864e-06	1.070563e-04
3.477281384852436e-06	9.242731e-05
3.480852813423865e-06	7.446185e-05
3.484424241995294e-06	5.892393e-05
3.487995670566723e-06	4.581355e-05
3.491567099138151e-06	3.513071e-05
3.495138527709580e-06	2.687540e-05
3.498709956281009e-06	2.104763e-05
3.502281384852438e-06	1.764740e-05
3.509709956281010e-06	1.226561e-05
3.517138527709582e-06	7.875593e-06
3.524567099138154e-06	4.477363e-06
3.531995670566726e-06	2.070916e-06
3.539424241995298e-06	6.562537e-07
3.546852813423870e-06	2.333748e-07
3.554281384852442e-06	8.022796e-07
3.986281384852402e-06	2.484123e-07
3.999000000000000e-06	2.484123e-07
4.000000000000000e-06	2.484123e-07
