step	1/(id0*rout)
     1	0.568631
     2	0.502045
     3	0.451423
     4	0.413511
     5	0.383741
     6	0.359405
     7	0.338892
     8	0.321203
     9	0.305685
    10	0.291892
    11	0.279507
    12	0.268297
    13	0.258083
    14	0.248727
    15	0.240117
    16	0.232163
    17	0.224789
    18	0.217932
    19	0.211539
    20	0.205564
    21	0.199966
    22	0.19471
    23	0.189766
    24	0.185107
    25	0.18071
    26	0.176552
    27	0.172614
    28	0.16888
    29	0.165335
    30	0.161963
    31	0.158754
    32	0.155694
    33	0.152775
    34	0.149987
    35	0.14732
    36	0.144768
    37	0.142323
    38	0.139978
    39	0.137727
    40	0.135566
    41	0.133487
    42	0.131487
    43	0.129562
    44	0.127707
    45	0.125918
    46	0.124192
    47	0.122525
    48	0.120915
    49	0.119359
    50	0.117854
    51	0.116397
    52	0.114986
    53	0.113619
    54	0.112294
    55	0.111009
    56	0.109762
    57	0.108552
    58	0.107376
    59	0.106234
    60	0.105123
    61	0.104044
    62	0.102993
    63	0.10197
    64	0.100975
    65	0.100005
    66	0.0990602
    67	0.0981392
    68	0.0972411
    69	0.096365
    70	0.0955101
    71	0.0946759
    72	0.0938611
    73	0.0930656
    74	0.0922882
    75	0.0915285
    76	0.090786
    77	0.0900598
    78	0.0893495
    79	0.0886546
    80	0.0879746
    81	0.087309
    82	0.0866571
    83	0.0860188
    84	0.0853933
    85	0.0847807
    86	0.0841801
    87	0.0835914
    88	0.0830141
    89	0.0824479
    90	0.0818926
    91	0.0813478
    92	0.080813
    93	0.0802881
    94	0.0797729
    95	0.0792668
    96	0.0787698
    97	0.0782818
    98	0.077802
    99	0.0773306
   100	0.0768674
   101	0.0764121
   102	0.0759643
   103	0.075524
   104	0.075091
   105	0.0746649
   106	0.0742459
   107	0.0738333
   108	0.0734275
   109	0.073028
   110	0.0726348
   111	0.0722475
   112	0.0718661
   113	0.0714905
   114	0.0711206
   115	0.0707561
   116	0.070397
   117	0.0700432
   118	0.0696944
   119	0.0693506
   120	0.0690117
   121	0.0686775
   122	0.0683481
   123	0.0680233
   124	0.0677028
   125	0.0673867
   126	0.0670749
   127	0.0667671
   128	0.0664636
   129	0.0661639
   130	0.0658682
   131	0.0655763
   132	0.0652882
   133	0.0650036
   134	0.0647228
   135	0.0644454
   136	0.0641713
   137	0.0639008
   138	0.0636336
   139	0.0633695
   140	0.0631086
   141	0.0628509
   142	0.0625961
   143	0.0623444
   144	0.0620956
   145	0.0618497
   146	0.0616067
   147	0.0613663
   148	0.0611288
   149	0.0608938
   150	0.0606615
   151	0.0604318
   152	0.0602046
   153	0.0599798
   154	0.0597575
   155	0.0595375
   156	0.0593199
   157	0.0591046
   158	0.0588917
   159	0.0586807
   160	0.0584722
   161	0.0582657
   162	0.0580613
   163	0.057859
   164	0.0576587
   165	0.0574605
   166	0.0572642
   167	0.0570699
   168	0.0568774
   169	0.0566869
   170	0.0564981
   171	0.0563112
   172	0.056126
   173	0.0559427
   174	0.055761
   175	0.0555811
   176	0.0554028
   177	0.0552261
   178	0.0550511
   179	0.0548777
   180	0.0547058
   181	0.0545355
   182	0.0543667
   183	0.0541994
   184	0.0540336
   185	0.0538693
   186	0.0537062
   187	0.0535448
   188	0.0533846
   189	0.0532258
   190	0.0530683
   191	0.0529124
   192	0.0527575
   193	0.0526041
   194	0.0524518
   195	0.0523008
   196	0.052151
   197	0.0520026
   198	0.0518553
   199	0.0517092
   200	0.0515642
   201	0.0514204
   202	0.0512777
   203	0.0511361
   204	0.0509956
   205	0.0508563
   206	0.0507179
   207	0.0505808
   208	0.0504446
   209	0.0503094
   210	0.0501754
   211	0.0500423
   212	0.0499101
   213	0.0497789
   214	0.0496488
   215	0.0495195
   216	0.0493912
   217	0.0492638
   218	0.0491374
   219	0.0490119
   220	0.0488872
   221	0.0487634
   222	0.0486405
   223	0.0485185
   224	0.0483973
   225	0.048277
   226	0.0481575
   227	0.0480387
   228	0.0479209
   229	0.0478039
   230	0.0476875
   231	0.047572
   232	0.0474572
   233	0.0473432
   234	0.0472301
   235	0.0471175
   236	0.0470058
   237	0.0468948
   238	0.0467845
   239	0.0466749
   240	0.046566
   241	0.0464579
   242	0.0463503
   243	0.0462434
   244	0.0461373
   245	0.0460318
   246	0.045927
   247	0.0458228
   248	0.0457192
   249	0.0456162
   250	0.0455139
   251	0.0454122
   252	0.0453112
   253	0.0452108
   254	0.0451108
   255	0.0450116
   256	0.0449129
   257	0.0448148
   258	0.0447172
   259	0.0446202
   260	0.0445239
   261	0.044428
   262	0.0443326
   263	0.044238
   264	0.0441437
   265	0.0440501
   266	0.0439568
   267	0.0438643
   268	0.0437721
   269	0.0436805
   270	0.0435894
   271	0.0434988
   272	0.0434087
   273	0.0433191
   274	0.04323
   275	0.0431414
   276	0.0430531
   277	0.0429654
   278	0.0428782
   279	0.0427914
   280	0.0427051
   281	0.0426192
   282	0.0425339
   283	0.0424488
   284	0.0423643
   285	0.0422803
   286	0.0421965
   287	0.0421133
   288	0.0420305
   289	0.0419482
   290	0.0418662
   291	0.0417847
   292	0.0417034
   293	0.0416227
   294	0.0415423
   295	0.0414624
   296	0.0413828
   297	0.0413037
   298	0.0412249
   299	0.0411465
   300	0.0410685
   301	0.0409909
   302	0.0409135
   303	0.0408366
   304	0.04076
   305	0.040684
   306	0.0406081
   307	0.0405326
   308	0.0404575
   309	0.0403826
   310	0.0403083
   311	0.0402342
   312	0.0401605
   313	0.0400871
   314	0.040014
   315	0.0399413
   316	0.0398689
   317	0.0397967
   318	0.039725
   319	0.0396536
   320	0.0395825
   321	0.0395117
   322	0.0394411
   323	0.039371
   324	0.0393011
   325	0.0392316
   326	0.0391623
   327	0.0390934
   328	0.0390247
   329	0.0389562
   330	0.0388882
   331	0.0388204
   332	0.0387529
   333	0.0386857
   334	0.0386187
   335	0.0385521
   336	0.0384857
   337	0.0384197
   338	0.0383538
   339	0.0382882
   340	0.0382229
   341	0.0381579
   342	0.0380932
   343	0.0380287
   344	0.0379645
   345	0.0379005
   346	0.0378368
   347	0.0377734
   348	0.0377101
   349	0.0376472
   350	0.0375845
   351	0.0375221
   352	0.0374598
   353	0.0373978
   354	0.0373361
   355	0.0372746
   356	0.0372134
   357	0.0371524
   358	0.0370917
   359	0.0370311
   360	0.0369708
   361	0.0369108
   362	0.0368508
   363	0.0367912
   364	0.0367318
   365	0.0366727
   366	0.0366137
   367	0.036555
   368	0.0364964
   369	0.0364381
   370	0.03638
   371	0.0363222
   372	0.0362645
   373	0.0362071
   374	0.0361498
   375	0.0360928
   376	0.036036
   377	0.0359794
   378	0.0359229
   379	0.0358667
   380	0.0358107
   381	0.0357549
   382	0.0356993
   383	0.0356439
   384	0.0355887
   385	0.0355336
   386	0.0354789
   387	0.0354241
   388	0.0353697
   389	0.0353155
   390	0.0352614
   391	0.0352075
   392	0.0351537
   393	0.0351002
   394	0.0350469
   395	0.0349938
   396	0.0349408
   397	0.0348879
   398	0.0348353
   399	0.0347829
   400	0.0347306
   401	0.0346785
   402	0.0346266
   403	0.0345748
   404	0.0345232
   405	0.0344718
   406	0.0344205
   407	0.0343695
   408	0.0343185
   409	0.0342679
   410	0.0342173
   411	0.0341668
   412	0.0341167
   413	0.0340666
   414	0.0340166
   415	0.0339668
   416	0.0339172
   417	0.0338677
   418	0.0338184
   419	0.0337693
   420	0.0337203
   421	0.0336715
   422	0.0336228
   423	0.0335742
   424	0.0335259
   425	0.0334776
   426	0.0334295
   427	0.0333816
   428	0.0333338
   429	0.0332862
   430	0.0332387
   431	0.0331913
   432	0.0331441
   433	0.0330971
   434	0.0330501
   435	0.0330034
   436	0.0329567
   437	0.0329102
   438	0.0328639
   439	0.0328177
   440	0.0327716
   441	0.0327256
   442	0.0326798
   443	0.0326342
   444	0.0325886
   445	0.0325432
   446	0.0324979
   447	0.0324527
   448	0.0324077
   449	0.0323628
   450	0.0323181
   451	0.0322734
   452	0.0322289
   453	0.0321846
   454	0.0321403
   455	0.0320962
   456	0.0320523
   457	0.0320084
   458	0.0319646
   459	0.031921
   460	0.0318775
   461	0.0318341
   462	0.0317908
   463	0.0317477
   464	0.0317047
   465	0.0316619
   466	0.031619
   467	0.0315763
   468	0.0315338
   469	0.0314914
   470	0.0314491
   471	0.0314069
   472	0.0313648
   473	0.0313228
   474	0.031281
   475	0.0312392
   476	0.0311976
   477	0.0311561
   478	0.0311147
   479	0.0310734
   480	0.0310323
   481	0.0309911
   482	0.0309502
   483	0.0309093
   484	0.0308687
   485	0.030828
   486	0.0307874
   487	0.030747
   488	0.0307067
   489	0.0306664
   490	0.0306264
   491	0.0305864
   492	0.0305465
   493	0.0305067
   494	0.030467
   495	0.0304274
   496	0.0303879
