vin	V(out)	V(n001)
0.000000000000000e+00	3.868016e-07	0.000000e+00
1.000000000000000e-03	3.933023e-07	1.000000e-03
2.000000000000000e-03	4.008291e-07	2.000000e-03
3.000000000000000e-03	4.087173e-07	3.000000e-03
4.000000000000000e-03	4.172904e-07	4.000000e-03
5.000000000000000e-03	4.266516e-07	5.000000e-03
6.000000000000000e-03	4.369226e-07	6.000000e-03
7.000000000000000e-03	4.482543e-07	7.000000e-03
8.000000000000000e-03	4.608357e-07	8.000000e-03
9.000000000000001e-03	4.749071e-07	9.000000e-03
1.000000000000000e-02	4.907800e-07	1.000000e-02
1.100000000000000e-02	5.088660e-07	1.100000e-02
1.200000000000000e-02	5.297226e-07	1.200000e-02
1.300000000000000e-02	5.541268e-07	1.300000e-02
1.400000000000001e-02	5.831983e-07	1.400000e-02
1.500000000000001e-02	6.186184e-07	1.500000e-02
1.600000000000001e-02	6.630423e-07	1.600000e-02
1.700000000000001e-02	7.209377e-07	1.700000e-02
1.800000000000001e-02	8.004651e-07	1.800000e-02
1.900000000000001e-02	9.182417e-07	1.900000e-02
2.000000000000001e-02	1.113547e-06	2.000000e-02
2.100000000000001e-02	1.500928e-06	2.100000e-02
2.200000000000001e-02	2.529398e-06	2.200000e-02
2.300000000000001e-02	8.046540e-06	2.300000e-02
2.400000000000001e-02	4.312785e-05	2.400000e-02
2.500000000000002e-02	2.637050e-04	2.500000e-02
2.600000000000002e-02	1.069639e-03	2.600000e-02
2.700000000000002e-02	2.523666e-03	2.700000e-02
2.800000000000002e-02	4.313336e-03	2.800000e-02
2.900000000000002e-02	6.224187e-03	2.900000e-02
3.000000000000002e-02	8.160778e-03	3.000000e-02
3.100000000000002e-02	1.008944e-02	3.100000e-02
3.200000000000002e-02	1.198525e-02	3.200000e-02
3.300000000000002e-02	1.383935e-02	3.300000e-02
3.400000000000002e-02	1.564848e-02	3.400000e-02
3.500000000000002e-02	1.741180e-02	3.500000e-02
3.600000000000003e-02	1.912992e-02	3.600000e-02
3.700000000000003e-02	2.080428e-02	3.700000e-02
3.800000000000003e-02	2.243676e-02	3.800000e-02
3.900000000000003e-02	2.402949e-02	3.900000e-02
4.000000000000003e-02	2.558465e-02	4.000000e-02
4.100000000000003e-02	2.710445e-02	4.100000e-02
4.200000000000003e-02	2.859105e-02	4.200000e-02
4.300000000000003e-02	3.004654e-02	4.300000e-02
4.400000000000003e-02	3.147292e-02	4.400000e-02
4.500000000000003e-02	3.287210e-02	4.500000e-02
4.600000000000003e-02	3.424588e-02	4.600000e-02
4.700000000000003e-02	3.559595e-02	4.700000e-02
4.800000000000004e-02	3.692392e-02	4.800000e-02
4.900000000000004e-02	3.823128e-02	4.900000e-02
5.000000000000004e-02	3.951943e-02	5.000000e-02
5.100000000000004e-02	4.078970e-02	5.100000e-02
5.200000000000004e-02	4.204331e-02	5.200000e-02
5.300000000000004e-02	4.328140e-02	5.300000e-02
5.400000000000004e-02	4.450504e-02	5.400000e-02
5.500000000000004e-02	4.571524e-02	5.500000e-02
5.600000000000004e-02	4.691291e-02	5.600000e-02
5.700000000000004e-02	4.809892e-02	5.700000e-02
5.800000000000004e-02	4.927406e-02	5.800000e-02
5.900000000000005e-02	5.043910e-02	5.900000e-02
6.000000000000005e-02	5.159472e-02	6.000000e-02
6.100000000000005e-02	5.274155e-02	6.100000e-02
6.200000000000005e-02	5.388021e-02	6.200000e-02
6.300000000000004e-02	5.501124e-02	6.300000e-02
6.400000000000004e-02	5.613516e-02	6.400000e-02
6.500000000000004e-02	5.725245e-02	6.500000e-02
6.600000000000004e-02	5.836356e-02	6.600000e-02
6.700000000000005e-02	5.946889e-02	6.700000e-02
6.800000000000005e-02	6.056882e-02	6.800000e-02
6.900000000000005e-02	6.166372e-02	6.900000e-02
7.000000000000005e-02	6.275391e-02	7.000000e-02
7.100000000000005e-02	6.383970e-02	7.100000e-02
7.200000000000005e-02	6.492137e-02	7.200000e-02
7.300000000000005e-02	6.599919e-02	7.300000e-02
7.400000000000005e-02	6.707340e-02	7.400000e-02
7.500000000000005e-02	6.814423e-02	7.500000e-02
7.600000000000005e-02	6.921189e-02	7.600000e-02
7.700000000000005e-02	7.027659e-02	7.700000e-02
7.800000000000006e-02	7.133849e-02	7.800000e-02
7.900000000000006e-02	7.239778e-02	7.900000e-02
8.000000000000006e-02	7.345462e-02	8.000000e-02
8.100000000000006e-02	7.450914e-02	8.100000e-02
8.200000000000006e-02	7.556150e-02	8.200000e-02
8.300000000000006e-02	7.661182e-02	8.300000e-02
8.400000000000006e-02	7.766021e-02	8.400000e-02
8.500000000000006e-02	7.870680e-02	8.500000e-02
8.600000000000006e-02	7.975169e-02	8.600000e-02
8.700000000000006e-02	8.079496e-02	8.700000e-02
8.800000000000006e-02	8.183673e-02	8.800000e-02
8.900000000000007e-02	8.287707e-02	8.900000e-02
9.000000000000007e-02	8.391605e-02	9.000000e-02
9.100000000000007e-02	8.495378e-02	9.100000e-02
9.200000000000007e-02	8.599029e-02	9.200000e-02
9.300000000000007e-02	8.702566e-02	9.300000e-02
9.400000000000007e-02	8.805997e-02	9.400000e-02
9.500000000000007e-02	8.909326e-02	9.500000e-02
9.600000000000007e-02	9.012558e-02	9.600000e-02
9.700000000000007e-02	9.115700e-02	9.700000e-02
9.800000000000007e-02	9.218755e-02	9.800000e-02
9.900000000000007e-02	9.321728e-02	9.900000e-02
1.000000000000001e-01	9.424623e-02	1.000000e-01
1.010000000000001e-01	9.527445e-02	1.010000e-01
1.020000000000001e-01	9.630197e-02	1.020000e-01
1.030000000000001e-01	9.732883e-02	1.030000e-01
1.040000000000001e-01	9.835506e-02	1.040000e-01
1.050000000000001e-01	9.938069e-02	1.050000e-01
1.060000000000001e-01	1.004058e-01	1.060000e-01
1.070000000000001e-01	1.014303e-01	1.070000e-01
1.080000000000001e-01	1.024543e-01	1.080000e-01
1.090000000000001e-01	1.034778e-01	1.090000e-01
1.100000000000001e-01	1.045009e-01	1.100000e-01
1.110000000000001e-01	1.055235e-01	1.110000e-01
1.120000000000001e-01	1.065456e-01	1.120000e-01
1.130000000000001e-01	1.075674e-01	1.130000e-01
1.140000000000001e-01	1.085888e-01	1.140000e-01
1.150000000000001e-01	1.096099e-01	1.150000e-01
1.160000000000001e-01	1.106306e-01	1.160000e-01
1.170000000000001e-01	1.116509e-01	1.170000e-01
1.180000000000001e-01	1.126709e-01	1.180000e-01
1.190000000000001e-01	1.136907e-01	1.190000e-01
1.200000000000001e-01	1.147101e-01	1.200000e-01
1.210000000000001e-01	1.157293e-01	1.210000e-01
1.220000000000001e-01	1.167482e-01	1.220000e-01
1.230000000000001e-01	1.177668e-01	1.230000e-01
1.240000000000001e-01	1.187852e-01	1.240000e-01
1.250000000000001e-01	1.198034e-01	1.250000e-01
1.260000000000001e-01	1.208213e-01	1.260000e-01
1.270000000000001e-01	1.218391e-01	1.270000e-01
1.280000000000001e-01	1.228566e-01	1.280000e-01
1.290000000000001e-01	1.238740e-01	1.290000e-01
1.300000000000001e-01	1.248911e-01	1.300000e-01
1.310000000000001e-01	1.259081e-01	1.310000e-01
1.320000000000001e-01	1.269249e-01	1.320000e-01
1.330000000000001e-01	1.279415e-01	1.330000e-01
1.340000000000001e-01	1.289580e-01	1.340000e-01
1.350000000000001e-01	1.299743e-01	1.350000e-01
1.360000000000001e-01	1.309905e-01	1.360000e-01
1.370000000000001e-01	1.320066e-01	1.370000e-01
1.380000000000001e-01	1.330225e-01	1.380000e-01
1.390000000000001e-01	1.340382e-01	1.390000e-01
1.400000000000001e-01	1.350539e-01	1.400000e-01
1.410000000000001e-01	1.360694e-01	1.410000e-01
1.420000000000001e-01	1.370848e-01	1.420000e-01
1.430000000000001e-01	1.381001e-01	1.430000e-01
1.440000000000001e-01	1.391153e-01	1.440000e-01
1.450000000000001e-01	1.401304e-01	1.450000e-01
1.460000000000001e-01	1.411454e-01	1.460000e-01
1.470000000000001e-01	1.421603e-01	1.470000e-01
1.480000000000001e-01	1.431751e-01	1.480000e-01
1.490000000000001e-01	1.441898e-01	1.490000e-01
1.500000000000001e-01	1.452044e-01	1.500000e-01
1.510000000000001e-01	1.462190e-01	1.510000e-01
1.520000000000001e-01	1.472334e-01	1.520000e-01
1.530000000000001e-01	1.482478e-01	1.530000e-01
1.540000000000001e-01	1.492621e-01	1.540000e-01
1.550000000000001e-01	1.502763e-01	1.550000e-01
1.560000000000001e-01	1.512905e-01	1.560000e-01
1.570000000000001e-01	1.523046e-01	1.570000e-01
1.580000000000001e-01	1.533186e-01	1.580000e-01
1.590000000000001e-01	1.543326e-01	1.590000e-01
1.600000000000001e-01	1.553465e-01	1.600000e-01
1.610000000000001e-01	1.563603e-01	1.610000e-01
1.620000000000001e-01	1.573740e-01	1.620000e-01
1.630000000000001e-01	1.583878e-01	1.630000e-01
1.640000000000001e-01	1.594014e-01	1.640000e-01
1.650000000000001e-01	1.604150e-01	1.650000e-01
1.660000000000001e-01	1.614286e-01	1.660000e-01
1.670000000000001e-01	1.624420e-01	1.670000e-01
1.680000000000001e-01	1.634555e-01	1.680000e-01
1.690000000000001e-01	1.644689e-01	1.690000e-01
1.700000000000001e-01	1.654822e-01	1.700000e-01
1.710000000000001e-01	1.664955e-01	1.710000e-01
1.720000000000001e-01	1.675088e-01	1.720000e-01
1.730000000000001e-01	1.685220e-01	1.730000e-01
1.740000000000001e-01	1.695351e-01	1.740000e-01
1.750000000000001e-01	1.705482e-01	1.750000e-01
1.760000000000001e-01	1.715613e-01	1.760000e-01
1.770000000000001e-01	1.725744e-01	1.770000e-01
1.780000000000001e-01	1.735874e-01	1.780000e-01
1.790000000000001e-01	1.746003e-01	1.790000e-01
1.800000000000001e-01	1.756132e-01	1.800000e-01
1.810000000000001e-01	1.766261e-01	1.810000e-01
1.820000000000001e-01	1.776390e-01	1.820000e-01
1.830000000000001e-01	1.786518e-01	1.830000e-01
1.840000000000001e-01	1.796645e-01	1.840000e-01
1.850000000000001e-01	1.806773e-01	1.850000e-01
1.860000000000001e-01	1.816900e-01	1.860000e-01
1.870000000000001e-01	1.827027e-01	1.870000e-01
1.880000000000001e-01	1.837153e-01	1.880000e-01
1.890000000000001e-01	1.847279e-01	1.890000e-01
1.900000000000001e-01	1.857405e-01	1.900000e-01
1.910000000000001e-01	1.867531e-01	1.910000e-01
1.920000000000001e-01	1.877656e-01	1.920000e-01
1.930000000000001e-01	1.887781e-01	1.930000e-01
1.940000000000001e-01	1.897905e-01	1.940000e-01
1.950000000000001e-01	1.908030e-01	1.950000e-01
1.960000000000001e-01	1.918154e-01	1.960000e-01
1.970000000000001e-01	1.928278e-01	1.970000e-01
1.980000000000001e-01	1.938402e-01	1.980000e-01
1.990000000000001e-01	1.948525e-01	1.990000e-01
2.000000000000001e-01	1.958648e-01	2.000000e-01
2.010000000000002e-01	1.968771e-01	2.010000e-01
2.020000000000002e-01	1.978894e-01	2.020000e-01
2.030000000000002e-01	1.989016e-01	2.030000e-01
2.040000000000002e-01	1.999139e-01	2.040000e-01
2.050000000000002e-01	2.009261e-01	2.050000e-01
2.060000000000002e-01	2.019383e-01	2.060000e-01
2.070000000000002e-01	2.029504e-01	2.070000e-01
2.080000000000002e-01	2.039626e-01	2.080000e-01
2.090000000000002e-01	2.049747e-01	2.090000e-01
2.100000000000002e-01	2.059868e-01	2.100000e-01
2.110000000000002e-01	2.069989e-01	2.110000e-01
2.120000000000002e-01	2.080110e-01	2.120000e-01
2.130000000000002e-01	2.090231e-01	2.130000e-01
2.140000000000002e-01	2.100351e-01	2.140000e-01
2.150000000000002e-01	2.110471e-01	2.150000e-01
2.160000000000002e-01	2.120592e-01	2.160000e-01
2.170000000000002e-01	2.130712e-01	2.170000e-01
2.180000000000002e-01	2.140832e-01	2.180000e-01
2.190000000000002e-01	2.150951e-01	2.190000e-01
2.200000000000002e-01	2.161071e-01	2.200000e-01
2.210000000000002e-01	2.171191e-01	2.210000e-01
2.220000000000002e-01	2.181310e-01	2.220000e-01
2.230000000000002e-01	2.191429e-01	2.230000e-01
2.240000000000002e-01	2.201549e-01	2.240000e-01
2.250000000000002e-01	2.211668e-01	2.250000e-01
2.260000000000002e-01	2.221787e-01	2.260000e-01
2.270000000000002e-01	2.231906e-01	2.270000e-01
2.280000000000002e-01	2.242025e-01	2.280000e-01
2.290000000000002e-01	2.252143e-01	2.290000e-01
2.300000000000002e-01	2.262262e-01	2.300000e-01
2.310000000000002e-01	2.272381e-01	2.310000e-01
2.320000000000002e-01	2.282500e-01	2.320000e-01
2.330000000000002e-01	2.292618e-01	2.330000e-01
2.340000000000002e-01	2.302737e-01	2.340000e-01
2.350000000000002e-01	2.312855e-01	2.350000e-01
2.360000000000002e-01	2.322974e-01	2.360000e-01
2.370000000000002e-01	2.333093e-01	2.370000e-01
2.380000000000002e-01	2.343211e-01	2.380000e-01
2.390000000000002e-01	2.353330e-01	2.390000e-01
2.400000000000002e-01	2.363448e-01	2.400000e-01
2.410000000000002e-01	2.373566e-01	2.410000e-01
2.420000000000002e-01	2.383685e-01	2.420000e-01
2.430000000000002e-01	2.393804e-01	2.430000e-01
2.440000000000002e-01	2.403922e-01	2.440000e-01
2.450000000000002e-01	2.414041e-01	2.450000e-01
2.460000000000002e-01	2.424159e-01	2.460000e-01
2.470000000000002e-01	2.434278e-01	2.470000e-01
2.480000000000002e-01	2.444397e-01	2.480000e-01
2.490000000000002e-01	2.454515e-01	2.490000e-01
2.500000000000002e-01	2.464634e-01	2.500000e-01
2.510000000000002e-01	2.474753e-01	2.510000e-01
2.520000000000002e-01	2.484872e-01	2.520000e-01
2.530000000000002e-01	2.494991e-01	2.530000e-01
2.540000000000002e-01	2.505110e-01	2.540000e-01
2.550000000000002e-01	2.515230e-01	2.550000e-01
2.560000000000002e-01	2.525349e-01	2.560000e-01
2.570000000000002e-01	2.535468e-01	2.570000e-01
2.580000000000002e-01	2.545588e-01	2.580000e-01
2.590000000000002e-01	2.555707e-01	2.590000e-01
2.600000000000002e-01	2.565827e-01	2.600000e-01
2.610000000000002e-01	2.575947e-01	2.610000e-01
2.620000000000002e-01	2.586067e-01	2.620000e-01
2.630000000000002e-01	2.596188e-01	2.630000e-01
2.640000000000002e-01	2.606308e-01	2.640000e-01
2.650000000000002e-01	2.616428e-01	2.650000e-01
2.660000000000002e-01	2.626549e-01	2.660000e-01
2.670000000000002e-01	2.636670e-01	2.670000e-01
2.680000000000002e-01	2.646791e-01	2.680000e-01
2.690000000000002e-01	2.656913e-01	2.690000e-01
2.700000000000002e-01	2.667034e-01	2.700000e-01
2.710000000000002e-01	2.677156e-01	2.710000e-01
2.720000000000002e-01	2.687277e-01	2.720000e-01
2.730000000000002e-01	2.697400e-01	2.730000e-01
2.740000000000002e-01	2.707522e-01	2.740000e-01
2.750000000000002e-01	2.717645e-01	2.750000e-01
2.760000000000002e-01	2.727768e-01	2.760000e-01
2.770000000000002e-01	2.737890e-01	2.770000e-01
2.780000000000002e-01	2.748014e-01	2.780000e-01
2.790000000000002e-01	2.758137e-01	2.790000e-01
2.800000000000002e-01	2.768261e-01	2.800000e-01
2.810000000000002e-01	2.778385e-01	2.810000e-01
2.820000000000002e-01	2.788510e-01	2.820000e-01
2.830000000000002e-01	2.798634e-01	2.830000e-01
2.840000000000002e-01	2.808760e-01	2.840000e-01
2.850000000000002e-01	2.818885e-01	2.850000e-01
2.860000000000002e-01	2.829010e-01	2.860000e-01
2.870000000000002e-01	2.839136e-01	2.870000e-01
2.880000000000002e-01	2.849263e-01	2.880000e-01
2.890000000000002e-01	2.859389e-01	2.890000e-01
2.900000000000002e-01	2.869516e-01	2.900000e-01
2.910000000000002e-01	2.879643e-01	2.910000e-01
2.920000000000002e-01	2.889771e-01	2.920000e-01
2.930000000000002e-01	2.899899e-01	2.930000e-01
2.940000000000002e-01	2.910027e-01	2.940000e-01
2.950000000000002e-01	2.920156e-01	2.950000e-01
2.960000000000002e-01	2.930285e-01	2.960000e-01
2.970000000000002e-01	2.940415e-01	2.970000e-01
2.980000000000002e-01	2.950545e-01	2.980000e-01
2.990000000000002e-01	2.960675e-01	2.990000e-01
3.000000000000002e-01	2.970805e-01	3.000000e-01
3.010000000000002e-01	2.980936e-01	3.010000e-01
3.020000000000002e-01	2.991068e-01	3.020000e-01
3.030000000000002e-01	3.001200e-01	3.030000e-01
3.040000000000002e-01	3.011332e-01	3.040000e-01
3.050000000000002e-01	3.021465e-01	3.050000e-01
3.060000000000002e-01	3.031598e-01	3.060000e-01
3.070000000000002e-01	3.041732e-01	3.070000e-01
3.080000000000002e-01	3.051866e-01	3.080000e-01
3.090000000000002e-01	3.062001e-01	3.090000e-01
3.100000000000002e-01	3.072136e-01	3.100000e-01
3.110000000000002e-01	3.082271e-01	3.110000e-01
3.120000000000002e-01	3.092407e-01	3.120000e-01
3.130000000000002e-01	3.102543e-01	3.130000e-01
3.140000000000002e-01	3.112680e-01	3.140000e-01
3.150000000000002e-01	3.122818e-01	3.150000e-01
3.160000000000002e-01	3.132956e-01	3.160000e-01
3.170000000000002e-01	3.143094e-01	3.170000e-01
3.180000000000002e-01	3.153233e-01	3.180000e-01
3.190000000000002e-01	3.163372e-01	3.190000e-01
3.200000000000002e-01	3.173512e-01	3.200000e-01
3.210000000000002e-01	3.183653e-01	3.210000e-01
3.220000000000002e-01	3.193794e-01	3.220000e-01
3.230000000000002e-01	3.203935e-01	3.230000e-01
3.240000000000002e-01	3.214077e-01	3.240000e-01
3.250000000000002e-01	3.224219e-01	3.250000e-01
3.260000000000002e-01	3.234363e-01	3.260000e-01
3.270000000000002e-01	3.244506e-01	3.270000e-01
3.280000000000002e-01	3.254650e-01	3.280000e-01
3.290000000000002e-01	3.264795e-01	3.290000e-01
3.300000000000002e-01	3.274940e-01	3.300000e-01
3.310000000000002e-01	3.285086e-01	3.310000e-01
3.320000000000002e-01	3.295232e-01	3.320000e-01
3.330000000000002e-01	3.305379e-01	3.330000e-01
3.340000000000002e-01	3.315526e-01	3.340000e-01
3.350000000000002e-01	3.325674e-01	3.350000e-01
3.360000000000002e-01	3.335823e-01	3.360000e-01
3.370000000000002e-01	3.345972e-01	3.370000e-01
3.380000000000002e-01	3.356121e-01	3.380000e-01
3.390000000000002e-01	3.366272e-01	3.390000e-01
3.400000000000002e-01	3.376423e-01	3.400000e-01
3.410000000000002e-01	3.386574e-01	3.410000e-01
3.420000000000002e-01	3.396726e-01	3.420000e-01
3.430000000000002e-01	3.406878e-01	3.430000e-01
3.440000000000003e-01	3.417031e-01	3.440000e-01
3.450000000000003e-01	3.427185e-01	3.450000e-01
3.460000000000003e-01	3.437339e-01	3.460000e-01
3.470000000000003e-01	3.447494e-01	3.470000e-01
3.480000000000003e-01	3.457649e-01	3.480000e-01
3.490000000000003e-01	3.467805e-01	3.490000e-01
3.500000000000003e-01	3.477961e-01	3.500000e-01
3.510000000000003e-01	3.488118e-01	3.510000e-01
3.520000000000003e-01	3.498276e-01	3.520000e-01
3.530000000000003e-01	3.508434e-01	3.530000e-01
3.540000000000003e-01	3.518593e-01	3.540000e-01
3.550000000000003e-01	3.528752e-01	3.550000e-01
3.560000000000003e-01	3.538912e-01	3.560000e-01
3.570000000000003e-01	3.549073e-01	3.570000e-01
3.580000000000003e-01	3.559234e-01	3.580000e-01
3.590000000000003e-01	3.569396e-01	3.590000e-01
3.600000000000003e-01	3.579558e-01	3.600000e-01
3.610000000000003e-01	3.589720e-01	3.610000e-01
3.620000000000003e-01	3.599884e-01	3.620000e-01
3.630000000000003e-01	3.610048e-01	3.630000e-01
3.640000000000003e-01	3.620212e-01	3.640000e-01
3.650000000000003e-01	3.630377e-01	3.650000e-01
3.660000000000003e-01	3.640543e-01	3.660000e-01
3.670000000000003e-01	3.650709e-01	3.670000e-01
3.680000000000003e-01	3.660876e-01	3.680000e-01
3.690000000000003e-01	3.671043e-01	3.690000e-01
3.700000000000003e-01	3.681211e-01	3.700000e-01
3.710000000000003e-01	3.691379e-01	3.710000e-01
3.720000000000003e-01	3.701548e-01	3.720000e-01
3.730000000000003e-01	3.711717e-01	3.730000e-01
3.740000000000003e-01	3.721887e-01	3.740000e-01
3.750000000000003e-01	3.732058e-01	3.750000e-01
3.760000000000003e-01	3.742229e-01	3.760000e-01
3.770000000000003e-01	3.752401e-01	3.770000e-01
3.780000000000003e-01	3.762573e-01	3.780000e-01
3.790000000000003e-01	3.772745e-01	3.790000e-01
3.800000000000003e-01	3.782918e-01	3.800000e-01
3.810000000000003e-01	3.793092e-01	3.810000e-01
3.820000000000003e-01	3.803266e-01	3.820000e-01
3.830000000000003e-01	3.813441e-01	3.830000e-01
3.840000000000003e-01	3.823616e-01	3.840000e-01
3.850000000000003e-01	3.833792e-01	3.850000e-01
3.860000000000003e-01	3.843968e-01	3.860000e-01
3.870000000000003e-01	3.854145e-01	3.870000e-01
3.880000000000003e-01	3.864321e-01	3.880000e-01
3.890000000000003e-01	3.874499e-01	3.890000e-01
3.900000000000003e-01	3.884677e-01	3.900000e-01
3.910000000000003e-01	3.894809e-01	3.910000e-01
3.920000000000003e-01	3.904900e-01	3.920000e-01
3.930000000000003e-01	3.914983e-01	3.930000e-01
3.940000000000003e-01	3.925063e-01	3.940000e-01
3.950000000000003e-01	3.935141e-01	3.950000e-01
3.960000000000003e-01	3.945219e-01	3.960000e-01
3.970000000000003e-01	3.955295e-01	3.970000e-01
3.980000000000003e-01	3.965371e-01	3.980000e-01
3.990000000000003e-01	3.975446e-01	3.990000e-01
4.000000000000003e-01	3.985521e-01	4.000000e-01
4.010000000000003e-01	3.995596e-01	4.010000e-01
4.020000000000003e-01	4.005670e-01	4.020000e-01
4.030000000000003e-01	4.015744e-01	4.030000e-01
4.040000000000003e-01	4.025817e-01	4.040000e-01
4.050000000000003e-01	4.035890e-01	4.050000e-01
4.060000000000003e-01	4.045963e-01	4.060000e-01
4.070000000000003e-01	4.056035e-01	4.070000e-01
4.080000000000003e-01	4.066107e-01	4.080000e-01
4.090000000000003e-01	4.076179e-01	4.090000e-01
4.100000000000003e-01	4.086250e-01	4.100000e-01
4.110000000000003e-01	4.096321e-01	4.110000e-01
4.120000000000003e-01	4.106392e-01	4.120000e-01
4.130000000000003e-01	4.116463e-01	4.130000e-01
4.140000000000003e-01	4.126533e-01	4.140000e-01
4.150000000000003e-01	4.136603e-01	4.150000e-01
4.160000000000003e-01	4.146672e-01	4.160000e-01
4.170000000000003e-01	4.156741e-01	4.170000e-01
4.180000000000003e-01	4.166810e-01	4.180000e-01
4.190000000000003e-01	4.176879e-01	4.190000e-01
4.200000000000003e-01	4.186947e-01	4.200000e-01
4.210000000000003e-01	4.197015e-01	4.210000e-01
4.220000000000003e-01	4.207082e-01	4.220000e-01
4.230000000000003e-01	4.217150e-01	4.230000e-01
4.240000000000003e-01	4.227217e-01	4.240000e-01
4.250000000000003e-01	4.237283e-01	4.250000e-01
4.260000000000003e-01	4.247350e-01	4.260000e-01
4.270000000000003e-01	4.257416e-01	4.270000e-01
4.280000000000003e-01	4.267481e-01	4.280000e-01
4.290000000000003e-01	4.277546e-01	4.290000e-01
4.300000000000003e-01	4.287612e-01	4.300000e-01
4.310000000000003e-01	4.297676e-01	4.310000e-01
4.320000000000003e-01	4.307741e-01	4.320000e-01
4.330000000000003e-01	4.317805e-01	4.330000e-01
4.340000000000003e-01	4.327869e-01	4.340000e-01
4.350000000000003e-01	4.337932e-01	4.350000e-01
4.360000000000003e-01	4.347996e-01	4.360000e-01
4.370000000000003e-01	4.358059e-01	4.370000e-01
4.380000000000003e-01	4.368121e-01	4.380000e-01
4.390000000000003e-01	4.378184e-01	4.390000e-01
4.400000000000003e-01	4.388246e-01	4.400000e-01
4.410000000000003e-01	4.398308e-01	4.410000e-01
4.420000000000003e-01	4.408369e-01	4.420000e-01
4.430000000000003e-01	4.418430e-01	4.430000e-01
4.440000000000003e-01	4.428491e-01	4.440000e-01
4.450000000000003e-01	4.438552e-01	4.450000e-01
4.460000000000003e-01	4.448612e-01	4.460000e-01
4.470000000000003e-01	4.458672e-01	4.470000e-01
4.480000000000003e-01	4.468732e-01	4.480000e-01
4.490000000000003e-01	4.478792e-01	4.490000e-01
4.500000000000003e-01	4.488851e-01	4.500000e-01
4.510000000000003e-01	4.498910e-01	4.510000e-01
4.520000000000003e-01	4.508969e-01	4.520000e-01
4.530000000000003e-01	4.519027e-01	4.530000e-01
4.540000000000003e-01	4.529085e-01	4.540000e-01
4.550000000000003e-01	4.539143e-01	4.550000e-01
4.560000000000003e-01	4.549201e-01	4.560000e-01
4.570000000000004e-01	4.559259e-01	4.570000e-01
4.580000000000004e-01	4.569316e-01	4.580000e-01
4.590000000000004e-01	4.579372e-01	4.590000e-01
4.600000000000004e-01	4.589429e-01	4.600000e-01
4.610000000000004e-01	4.599486e-01	4.610000e-01
4.620000000000004e-01	4.609542e-01	4.620000e-01
4.630000000000004e-01	4.619598e-01	4.630000e-01
4.640000000000004e-01	4.629653e-01	4.640000e-01
4.650000000000004e-01	4.639709e-01	4.650000e-01
4.660000000000004e-01	4.649764e-01	4.660000e-01
4.670000000000004e-01	4.659819e-01	4.670000e-01
4.680000000000004e-01	4.669874e-01	4.680000e-01
4.690000000000004e-01	4.679928e-01	4.690000e-01
4.700000000000004e-01	4.689982e-01	4.700000e-01
4.710000000000004e-01	4.700036e-01	4.710000e-01
4.720000000000004e-01	4.710090e-01	4.720000e-01
4.730000000000004e-01	4.720144e-01	4.730000e-01
4.740000000000004e-01	4.730197e-01	4.740000e-01
4.750000000000004e-01	4.740250e-01	4.750000e-01
4.760000000000004e-01	4.750303e-01	4.760000e-01
4.770000000000004e-01	4.760356e-01	4.770000e-01
4.780000000000004e-01	4.770408e-01	4.780000e-01
4.790000000000004e-01	4.780461e-01	4.790000e-01
4.800000000000004e-01	4.790513e-01	4.800000e-01
4.810000000000004e-01	4.800565e-01	4.810000e-01
4.820000000000004e-01	4.810616e-01	4.820000e-01
4.830000000000004e-01	4.820668e-01	4.830000e-01
4.840000000000004e-01	4.830719e-01	4.840000e-01
4.850000000000004e-01	4.840770e-01	4.850000e-01
4.860000000000004e-01	4.850821e-01	4.860000e-01
4.870000000000004e-01	4.860871e-01	4.870000e-01
4.880000000000004e-01	4.870922e-01	4.880000e-01
4.890000000000004e-01	4.880972e-01	4.890000e-01
4.900000000000004e-01	4.891022e-01	4.900000e-01
4.910000000000004e-01	4.901072e-01	4.910000e-01
4.920000000000004e-01	4.911122e-01	4.920000e-01
4.930000000000004e-01	4.921171e-01	4.930000e-01
4.940000000000004e-01	4.931221e-01	4.940000e-01
4.950000000000004e-01	4.941270e-01	4.950000e-01
4.960000000000004e-01	4.951319e-01	4.960000e-01
4.970000000000004e-01	4.961368e-01	4.970000e-01
4.980000000000004e-01	4.971416e-01	4.980000e-01
4.990000000000004e-01	4.981465e-01	4.990000e-01
5.000000000000003e-01	4.991513e-01	5.000000e-01
5.010000000000003e-01	5.001561e-01	5.010000e-01
5.020000000000003e-01	5.011609e-01	5.020000e-01
5.030000000000003e-01	5.021657e-01	5.030000e-01
5.040000000000003e-01	5.031705e-01	5.040000e-01
5.050000000000003e-01	5.041752e-01	5.050000e-01
5.060000000000003e-01	5.051799e-01	5.060000e-01
5.070000000000003e-01	5.061846e-01	5.070000e-01
5.080000000000003e-01	5.071893e-01	5.080000e-01
5.090000000000003e-01	5.081940e-01	5.090000e-01
5.100000000000003e-01	5.091987e-01	5.100000e-01
5.110000000000003e-01	5.102034e-01	5.110000e-01
5.120000000000003e-01	5.112080e-01	5.120000e-01
5.130000000000003e-01	5.122126e-01	5.130000e-01
5.140000000000003e-01	5.132172e-01	5.140000e-01
5.150000000000003e-01	5.142218e-01	5.150000e-01
5.160000000000003e-01	5.152264e-01	5.160000e-01
5.170000000000003e-01	5.162309e-01	5.170000e-01
5.180000000000003e-01	5.172355e-01	5.180000e-01
5.190000000000003e-01	5.182400e-01	5.190000e-01
5.200000000000004e-01	5.192446e-01	5.200000e-01
5.210000000000004e-01	5.202491e-01	5.210000e-01
5.220000000000004e-01	5.212535e-01	5.220000e-01
5.230000000000004e-01	5.222580e-01	5.230000e-01
5.240000000000004e-01	5.232624e-01	5.240000e-01
5.250000000000004e-01	5.242669e-01	5.250000e-01
5.260000000000004e-01	5.252714e-01	5.260000e-01
5.270000000000004e-01	5.262758e-01	5.270000e-01
5.280000000000004e-01	5.272802e-01	5.280000e-01
5.290000000000004e-01	5.282845e-01	5.290000e-01
5.300000000000004e-01	5.292889e-01	5.300000e-01
5.310000000000004e-01	5.302933e-01	5.310000e-01
5.320000000000004e-01	5.312977e-01	5.320000e-01
5.330000000000004e-01	5.323020e-01	5.330000e-01
5.340000000000004e-01	5.333064e-01	5.340000e-01
5.350000000000004e-01	5.343106e-01	5.350000e-01
5.360000000000004e-01	5.353150e-01	5.360000e-01
5.370000000000004e-01	5.363193e-01	5.370000e-01
5.380000000000004e-01	5.373235e-01	5.380000e-01
5.390000000000004e-01	5.383278e-01	5.390000e-01
5.400000000000004e-01	5.393320e-01	5.400000e-01
5.410000000000004e-01	5.403363e-01	5.410000e-01
5.420000000000004e-01	5.413405e-01	5.420000e-01
5.430000000000004e-01	5.423447e-01	5.430000e-01
5.440000000000004e-01	5.433489e-01	5.440000e-01
5.450000000000004e-01	5.443531e-01	5.450000e-01
5.460000000000004e-01	5.453573e-01	5.460000e-01
5.470000000000004e-01	5.463614e-01	5.470000e-01
5.480000000000004e-01	5.473656e-01	5.480000e-01
5.490000000000004e-01	5.483698e-01	5.490000e-01
5.500000000000004e-01	5.493739e-01	5.500000e-01
5.510000000000004e-01	5.503780e-01	5.510000e-01
5.520000000000004e-01	5.513821e-01	5.520000e-01
5.530000000000004e-01	5.523862e-01	5.530000e-01
5.540000000000004e-01	5.533903e-01	5.540000e-01
5.550000000000004e-01	5.543944e-01	5.550000e-01
5.560000000000004e-01	5.553984e-01	5.560000e-01
5.570000000000004e-01	5.564024e-01	5.570000e-01
5.580000000000004e-01	5.574065e-01	5.580000e-01
5.590000000000004e-01	5.584105e-01	5.590000e-01
5.600000000000004e-01	5.594145e-01	5.600000e-01
5.610000000000004e-01	5.604185e-01	5.610000e-01
5.620000000000004e-01	5.614225e-01	5.620000e-01
5.630000000000004e-01	5.624265e-01	5.630000e-01
5.640000000000004e-01	5.634304e-01	5.640000e-01
5.650000000000004e-01	5.644344e-01	5.650000e-01
5.660000000000004e-01	5.654383e-01	5.660000e-01
5.670000000000004e-01	5.664423e-01	5.670000e-01
5.680000000000004e-01	5.674462e-01	5.680000e-01
5.690000000000004e-01	5.684501e-01	5.690000e-01
5.700000000000004e-01	5.694540e-01	5.700000e-01
5.710000000000004e-01	5.704579e-01	5.710000e-01
5.720000000000004e-01	5.714618e-01	5.720000e-01
5.730000000000004e-01	5.724657e-01	5.730000e-01
5.740000000000004e-01	5.734695e-01	5.740000e-01
5.750000000000004e-01	5.744733e-01	5.750000e-01
5.760000000000004e-01	5.754772e-01	5.760000e-01
5.770000000000004e-01	5.764810e-01	5.770000e-01
5.780000000000004e-01	5.774848e-01	5.780000e-01
5.790000000000004e-01	5.784886e-01	5.790000e-01
5.800000000000004e-01	5.794924e-01	5.800000e-01
5.810000000000004e-01	5.804962e-01	5.810000e-01
5.820000000000004e-01	5.814999e-01	5.820000e-01
5.830000000000004e-01	5.825037e-01	5.830000e-01
5.840000000000004e-01	5.835074e-01	5.840000e-01
5.850000000000004e-01	5.845112e-01	5.850000e-01
5.860000000000004e-01	5.855149e-01	5.860000e-01
5.870000000000004e-01	5.865186e-01	5.870000e-01
5.880000000000004e-01	5.875223e-01	5.880000e-01
5.890000000000004e-01	5.885260e-01	5.890000e-01
5.900000000000004e-01	5.895296e-01	5.900000e-01
5.910000000000004e-01	5.905333e-01	5.910000e-01
5.920000000000004e-01	5.915369e-01	5.920000e-01
5.930000000000004e-01	5.925406e-01	5.930000e-01
5.940000000000004e-01	5.935442e-01	5.940000e-01
5.950000000000004e-01	5.945478e-01	5.950000e-01
5.960000000000004e-01	5.955514e-01	5.960000e-01
5.970000000000004e-01	5.965551e-01	5.970000e-01
5.980000000000004e-01	5.975586e-01	5.980000e-01
5.990000000000004e-01	5.985622e-01	5.990000e-01
6.000000000000004e-01	5.995657e-01	6.000000e-01
6.010000000000004e-01	6.005693e-01	6.010000e-01
6.020000000000004e-01	6.015728e-01	6.020000e-01
6.030000000000004e-01	6.025764e-01	6.030000e-01
6.040000000000004e-01	6.035799e-01	6.040000e-01
6.050000000000004e-01	6.045834e-01	6.050000e-01
6.060000000000004e-01	6.055868e-01	6.060000e-01
6.070000000000004e-01	6.065903e-01	6.070000e-01
6.080000000000004e-01	6.075938e-01	6.080000e-01
6.090000000000004e-01	6.085972e-01	6.090000e-01
6.100000000000004e-01	6.096007e-01	6.100000e-01
6.110000000000004e-01	6.106041e-01	6.110000e-01
6.120000000000004e-01	6.116076e-01	6.120000e-01
6.130000000000004e-01	6.126109e-01	6.130000e-01
6.140000000000004e-01	6.136143e-01	6.140000e-01
6.150000000000004e-01	6.146177e-01	6.150000e-01
6.160000000000004e-01	6.156211e-01	6.160000e-01
6.170000000000004e-01	6.166244e-01	6.170000e-01
6.180000000000004e-01	6.176278e-01	6.180000e-01
6.190000000000004e-01	6.186311e-01	6.190000e-01
6.200000000000004e-01	6.196344e-01	6.200000e-01
6.210000000000004e-01	6.206377e-01	6.210000e-01
6.220000000000004e-01	6.216410e-01	6.220000e-01
6.230000000000004e-01	6.226443e-01	6.230000e-01
6.240000000000004e-01	6.236476e-01	6.240000e-01
6.250000000000004e-01	6.246508e-01	6.250000e-01
6.260000000000004e-01	6.256541e-01	6.260000e-01
6.270000000000004e-01	6.266573e-01	6.270000e-01
6.280000000000004e-01	6.276605e-01	6.280000e-01
6.290000000000004e-01	6.286637e-01	6.290000e-01
6.300000000000004e-01	6.296669e-01	6.300000e-01
6.310000000000004e-01	6.306701e-01	6.310000e-01
6.320000000000005e-01	6.316733e-01	6.320000e-01
6.330000000000005e-01	6.326764e-01	6.330000e-01
6.340000000000005e-01	6.336796e-01	6.340000e-01
6.350000000000005e-01	6.346827e-01	6.350000e-01
6.360000000000005e-01	6.356858e-01	6.360000e-01
6.370000000000005e-01	6.366889e-01	6.370000e-01
6.380000000000005e-01	6.376920e-01	6.380000e-01
6.390000000000005e-01	6.386951e-01	6.390000e-01
6.400000000000005e-01	6.396981e-01	6.400000e-01
6.410000000000005e-01	6.407011e-01	6.410000e-01
6.420000000000005e-01	6.417042e-01	6.420000e-01
6.430000000000005e-01	6.427072e-01	6.430000e-01
6.440000000000005e-01	6.437102e-01	6.440000e-01
6.450000000000005e-01	6.447132e-01	6.450000e-01
6.460000000000005e-01	6.457161e-01	6.460000e-01
6.470000000000005e-01	6.467191e-01	6.470000e-01
6.480000000000005e-01	6.477221e-01	6.480000e-01
6.490000000000005e-01	6.487250e-01	6.490000e-01
6.500000000000005e-01	6.497279e-01	6.500000e-01
6.510000000000005e-01	6.507308e-01	6.510000e-01
6.520000000000005e-01	6.517337e-01	6.520000e-01
6.530000000000005e-01	6.527365e-01	6.530000e-01
6.540000000000005e-01	6.537395e-01	6.540000e-01
6.550000000000005e-01	6.547422e-01	6.550000e-01
6.560000000000005e-01	6.557451e-01	6.560000e-01
6.570000000000005e-01	6.567479e-01	6.570000e-01
6.580000000000005e-01	6.577507e-01	6.580000e-01
6.590000000000005e-01	6.587535e-01	6.590000e-01
6.600000000000005e-01	6.597562e-01	6.600000e-01
6.610000000000005e-01	6.607590e-01	6.610000e-01
6.620000000000005e-01	6.617618e-01	6.620000e-01
6.630000000000005e-01	6.627645e-01	6.630000e-01
6.640000000000005e-01	6.637672e-01	6.640000e-01
6.650000000000005e-01	6.647699e-01	6.650000e-01
6.660000000000005e-01	6.657726e-01	6.660000e-01
6.670000000000005e-01	6.667752e-01	6.670000e-01
6.680000000000005e-01	6.677778e-01	6.680000e-01
6.690000000000005e-01	6.687804e-01	6.690000e-01
6.700000000000005e-01	6.697831e-01	6.700000e-01
6.710000000000005e-01	6.707857e-01	6.710000e-01
6.720000000000005e-01	6.717883e-01	6.720000e-01
6.730000000000005e-01	6.727908e-01	6.730000e-01
6.740000000000005e-01	6.737934e-01	6.740000e-01
6.750000000000005e-01	6.747959e-01	6.750000e-01
6.760000000000005e-01	6.757984e-01	6.760000e-01
6.770000000000005e-01	6.768009e-01	6.770000e-01
6.780000000000005e-01	6.778034e-01	6.780000e-01
6.790000000000005e-01	6.788058e-01	6.790000e-01
6.800000000000005e-01	6.798083e-01	6.800000e-01
6.810000000000005e-01	6.808107e-01	6.810000e-01
6.820000000000005e-01	6.818131e-01	6.820000e-01
6.830000000000005e-01	6.828156e-01	6.830000e-01
6.840000000000005e-01	6.838179e-01	6.840000e-01
6.850000000000005e-01	6.848203e-01	6.850000e-01
6.860000000000005e-01	6.858226e-01	6.860000e-01
6.870000000000005e-01	6.868250e-01	6.870000e-01
6.880000000000005e-01	6.878273e-01	6.880000e-01
6.890000000000005e-01	6.888295e-01	6.890000e-01
6.900000000000005e-01	6.898319e-01	6.900000e-01
6.910000000000005e-01	6.908341e-01	6.910000e-01
6.920000000000005e-01	6.918363e-01	6.920000e-01
6.930000000000005e-01	6.928385e-01	6.930000e-01
6.940000000000005e-01	6.938407e-01	6.940000e-01
6.950000000000005e-01	6.948429e-01	6.950000e-01
6.960000000000005e-01	6.958451e-01	6.960000e-01
6.970000000000005e-01	6.968473e-01	6.970000e-01
6.980000000000005e-01	6.978494e-01	6.980000e-01
6.990000000000005e-01	6.988515e-01	6.990000e-01
7.000000000000005e-01	6.998536e-01	7.000000e-01
7.010000000000005e-01	7.008557e-01	7.010000e-01
7.020000000000005e-01	7.018577e-01	7.020000e-01
7.030000000000005e-01	7.028598e-01	7.030000e-01
7.040000000000005e-01	7.038618e-01	7.040000e-01
7.050000000000005e-01	7.048638e-01	7.050000e-01
7.060000000000005e-01	7.058658e-01	7.060000e-01
7.070000000000005e-01	7.068678e-01	7.070000e-01
7.080000000000005e-01	7.078697e-01	7.080000e-01
7.090000000000005e-01	7.088716e-01	7.090000e-01
7.100000000000005e-01	7.098736e-01	7.100000e-01
7.110000000000005e-01	7.108754e-01	7.110000e-01
7.120000000000005e-01	7.118773e-01	7.120000e-01
7.130000000000005e-01	7.128791e-01	7.130000e-01
7.140000000000005e-01	7.138810e-01	7.140000e-01
7.150000000000005e-01	7.148828e-01	7.150000e-01
7.160000000000005e-01	7.158846e-01	7.160000e-01
7.170000000000005e-01	7.168863e-01	7.170000e-01
7.180000000000005e-01	7.178881e-01	7.180000e-01
7.190000000000005e-01	7.188899e-01	7.190000e-01
7.200000000000005e-01	7.198916e-01	7.200000e-01
7.210000000000005e-01	7.208933e-01	7.210000e-01
7.220000000000005e-01	7.218950e-01	7.220000e-01
7.230000000000005e-01	7.228966e-01	7.230000e-01
7.240000000000005e-01	7.238983e-01	7.240000e-01
7.250000000000005e-01	7.248999e-01	7.250000e-01
7.260000000000005e-01	7.259015e-01	7.260000e-01
7.270000000000005e-01	7.269031e-01	7.270000e-01
7.280000000000005e-01	7.279047e-01	7.280000e-01
7.290000000000005e-01	7.289062e-01	7.290000e-01
7.300000000000005e-01	7.299078e-01	7.300000e-01
7.310000000000005e-01	7.309092e-01	7.310000e-01
7.320000000000005e-01	7.319108e-01	7.320000e-01
7.330000000000005e-01	7.329122e-01	7.330000e-01
7.340000000000005e-01	7.339137e-01	7.340000e-01
7.350000000000005e-01	7.349151e-01	7.350000e-01
7.360000000000005e-01	7.359166e-01	7.360000e-01
7.370000000000005e-01	7.369179e-01	7.370000e-01
7.380000000000005e-01	7.379193e-01	7.380000e-01
7.390000000000005e-01	7.389207e-01	7.390000e-01
7.400000000000005e-01	7.399220e-01	7.400000e-01
7.410000000000005e-01	7.409233e-01	7.410000e-01
7.420000000000005e-01	7.419246e-01	7.420000e-01
7.430000000000005e-01	7.429259e-01	7.430000e-01
7.440000000000005e-01	7.439272e-01	7.440000e-01
7.450000000000006e-01	7.449284e-01	7.450000e-01
7.460000000000006e-01	7.459297e-01	7.460000e-01
7.470000000000006e-01	7.469309e-01	7.470000e-01
7.480000000000006e-01	7.479321e-01	7.480000e-01
7.490000000000006e-01	7.489333e-01	7.490000e-01
7.500000000000006e-01	7.499344e-01	7.500000e-01
7.510000000000006e-01	7.509356e-01	7.510000e-01
7.520000000000006e-01	7.519367e-01	7.520000e-01
7.530000000000006e-01	7.529378e-01	7.530000e-01
7.540000000000006e-01	7.539389e-01	7.540000e-01
7.550000000000006e-01	7.549399e-01	7.550000e-01
7.560000000000006e-01	7.559410e-01	7.560000e-01
7.570000000000006e-01	7.569420e-01	7.570000e-01
7.580000000000006e-01	7.579430e-01	7.580000e-01
7.590000000000006e-01	7.589440e-01	7.590000e-01
7.600000000000006e-01	7.599450e-01	7.600000e-01
7.610000000000006e-01	7.609460e-01	7.610000e-01
7.620000000000006e-01	7.619469e-01	7.620000e-01
7.630000000000006e-01	7.629479e-01	7.630000e-01
7.640000000000006e-01	7.639488e-01	7.640000e-01
7.650000000000006e-01	7.649497e-01	7.650000e-01
7.660000000000006e-01	7.659506e-01	7.660000e-01
7.670000000000006e-01	7.669514e-01	7.670000e-01
7.680000000000006e-01	7.679523e-01	7.680000e-01
7.690000000000006e-01	7.689531e-01	7.690000e-01
7.700000000000006e-01	7.699540e-01	7.700000e-01
7.710000000000006e-01	7.709548e-01	7.710000e-01
7.720000000000006e-01	7.719556e-01	7.720000e-01
7.730000000000006e-01	7.729564e-01	7.730000e-01
7.740000000000006e-01	7.739571e-01	7.740000e-01
7.750000000000006e-01	7.749579e-01	7.750000e-01
7.760000000000006e-01	7.759586e-01	7.760000e-01
7.770000000000006e-01	7.769594e-01	7.770000e-01
7.780000000000006e-01	7.779601e-01	7.780000e-01
7.790000000000006e-01	7.789608e-01	7.790000e-01
7.800000000000006e-01	7.799614e-01	7.800000e-01
7.810000000000006e-01	7.809621e-01	7.810000e-01
7.820000000000006e-01	7.819628e-01	7.820000e-01
7.830000000000006e-01	7.829634e-01	7.830000e-01
7.840000000000006e-01	7.839640e-01	7.840000e-01
7.850000000000006e-01	7.849646e-01	7.850000e-01
7.860000000000006e-01	7.859652e-01	7.860000e-01
7.870000000000006e-01	7.869658e-01	7.870000e-01
7.880000000000006e-01	7.879664e-01	7.880000e-01
7.890000000000006e-01	7.889670e-01	7.890000e-01
7.900000000000006e-01	7.899675e-01	7.900000e-01
7.910000000000006e-01	7.909681e-01	7.910000e-01
7.920000000000006e-01	7.919686e-01	7.920000e-01
7.930000000000006e-01	7.929691e-01	7.930000e-01
7.940000000000006e-01	7.939696e-01	7.940000e-01
7.950000000000006e-01	7.949701e-01	7.950000e-01
7.960000000000006e-01	7.959706e-01	7.960000e-01
7.970000000000006e-01	7.969711e-01	7.970000e-01
7.980000000000006e-01	7.979715e-01	7.980000e-01
7.990000000000006e-01	7.989720e-01	7.990000e-01
8.000000000000006e-01	7.999724e-01	8.000000e-01
8.010000000000006e-01	8.009729e-01	8.010000e-01
8.020000000000006e-01	8.019733e-01	8.020000e-01
8.030000000000006e-01	8.029737e-01	8.030000e-01
8.040000000000006e-01	8.039741e-01	8.040000e-01
8.050000000000006e-01	8.049745e-01	8.050000e-01
8.060000000000006e-01	8.059749e-01	8.060000e-01
8.070000000000006e-01	8.069753e-01	8.070000e-01
8.080000000000006e-01	8.079756e-01	8.080000e-01
8.090000000000006e-01	8.089760e-01	8.090000e-01
8.100000000000006e-01	8.099763e-01	8.100000e-01
8.110000000000006e-01	8.109767e-01	8.110000e-01
8.120000000000006e-01	8.119770e-01	8.120000e-01
8.130000000000006e-01	8.129774e-01	8.130000e-01
8.140000000000006e-01	8.139777e-01	8.140000e-01
8.150000000000006e-01	8.149780e-01	8.150000e-01
8.160000000000006e-01	8.159783e-01	8.160000e-01
8.170000000000006e-01	8.169786e-01	8.170000e-01
8.180000000000006e-01	8.179789e-01	8.180000e-01
8.190000000000006e-01	8.189792e-01	8.190000e-01
8.200000000000006e-01	8.199795e-01	8.200000e-01
8.210000000000006e-01	8.209797e-01	8.210000e-01
8.220000000000006e-01	8.219800e-01	8.220000e-01
8.230000000000006e-01	8.229803e-01	8.230000e-01
8.240000000000006e-01	8.239805e-01	8.240000e-01
8.250000000000006e-01	8.249807e-01	8.250000e-01
8.260000000000006e-01	8.259810e-01	8.260000e-01
8.270000000000006e-01	8.269812e-01	8.270000e-01
8.280000000000006e-01	8.279815e-01	8.280000e-01
8.290000000000006e-01	8.289817e-01	8.290000e-01
8.300000000000006e-01	8.299819e-01	8.300000e-01
8.310000000000006e-01	8.309821e-01	8.310000e-01
8.320000000000006e-01	8.319823e-01	8.320000e-01
8.330000000000006e-01	8.329825e-01	8.330000e-01
8.340000000000006e-01	8.339827e-01	8.340000e-01
8.350000000000006e-01	8.349829e-01	8.350000e-01
8.360000000000006e-01	8.359830e-01	8.360000e-01
8.370000000000006e-01	8.369833e-01	8.370000e-01
8.380000000000006e-01	8.379834e-01	8.380000e-01
8.390000000000006e-01	8.389836e-01	8.390000e-01
8.400000000000006e-01	8.399838e-01	8.400000e-01
8.410000000000006e-01	8.409839e-01	8.410000e-01
8.420000000000006e-01	8.419840e-01	8.420000e-01
8.430000000000006e-01	8.429842e-01	8.430000e-01
8.440000000000006e-01	8.439844e-01	8.440000e-01
8.450000000000006e-01	8.449845e-01	8.450000e-01
8.460000000000006e-01	8.459846e-01	8.460000e-01
8.470000000000006e-01	8.469847e-01	8.470000e-01
8.480000000000006e-01	8.479849e-01	8.480000e-01
8.490000000000006e-01	8.489850e-01	8.490000e-01
8.500000000000006e-01	8.499851e-01	8.500000e-01
8.510000000000006e-01	8.509853e-01	8.510000e-01
8.520000000000006e-01	8.519854e-01	8.520000e-01
8.530000000000006e-01	8.529855e-01	8.530000e-01
8.540000000000006e-01	8.539856e-01	8.540000e-01
8.550000000000006e-01	8.549857e-01	8.550000e-01
8.560000000000006e-01	8.559858e-01	8.560000e-01
8.570000000000007e-01	8.569859e-01	8.570000e-01
8.580000000000007e-01	8.579860e-01	8.580000e-01
8.590000000000007e-01	8.589861e-01	8.590000e-01
8.600000000000007e-01	8.599862e-01	8.600000e-01
8.610000000000007e-01	8.609863e-01	8.610000e-01
8.620000000000007e-01	8.619863e-01	8.620000e-01
8.630000000000007e-01	8.629864e-01	8.630000e-01
8.640000000000007e-01	8.639865e-01	8.640000e-01
8.650000000000007e-01	8.649866e-01	8.650000e-01
8.660000000000007e-01	8.659866e-01	8.660000e-01
8.670000000000007e-01	8.669868e-01	8.670000e-01
8.680000000000007e-01	8.679868e-01	8.680000e-01
8.690000000000007e-01	8.689868e-01	8.690000e-01
8.700000000000007e-01	8.699869e-01	8.700000e-01
8.710000000000007e-01	8.709870e-01	8.710000e-01
8.720000000000007e-01	8.719870e-01	8.720000e-01
8.730000000000007e-01	8.729871e-01	8.730000e-01
8.740000000000007e-01	8.739871e-01	8.740000e-01
8.750000000000007e-01	8.749872e-01	8.750000e-01
8.760000000000007e-01	8.759872e-01	8.760000e-01
8.770000000000007e-01	8.769873e-01	8.770000e-01
8.780000000000007e-01	8.779873e-01	8.780000e-01
8.790000000000007e-01	8.789874e-01	8.790000e-01
8.800000000000007e-01	8.799874e-01	8.800000e-01
8.810000000000007e-01	8.809875e-01	8.810000e-01
8.820000000000007e-01	8.819875e-01	8.820000e-01
8.830000000000007e-01	8.829875e-01	8.830000e-01
8.840000000000007e-01	8.839875e-01	8.840000e-01
8.850000000000007e-01	8.849876e-01	8.850000e-01
8.860000000000007e-01	8.859876e-01	8.860000e-01
8.870000000000007e-01	8.869876e-01	8.870000e-01
8.880000000000007e-01	8.879877e-01	8.880000e-01
8.890000000000007e-01	8.889877e-01	8.890000e-01
8.900000000000007e-01	8.899877e-01	8.900000e-01
8.910000000000007e-01	8.909878e-01	8.910000e-01
8.920000000000007e-01	8.919877e-01	8.920000e-01
8.930000000000007e-01	8.929878e-01	8.930000e-01
8.940000000000007e-01	8.939878e-01	8.940000e-01
8.950000000000007e-01	8.949878e-01	8.950000e-01
8.960000000000007e-01	8.959878e-01	8.960000e-01
8.970000000000007e-01	8.969878e-01	8.970000e-01
8.980000000000007e-01	8.979878e-01	8.980000e-01
8.990000000000007e-01	8.989878e-01	8.990000e-01
9.000000000000007e-01	8.999878e-01	9.000000e-01
9.010000000000007e-01	9.009879e-01	9.010000e-01
9.020000000000007e-01	9.019879e-01	9.020000e-01
9.030000000000007e-01	9.029878e-01	9.030000e-01
9.040000000000007e-01	9.039878e-01	9.040000e-01
9.050000000000007e-01	9.049879e-01	9.050000e-01
9.060000000000007e-01	9.059879e-01	9.060000e-01
9.070000000000007e-01	9.069878e-01	9.070000e-01
9.080000000000007e-01	9.079878e-01	9.080000e-01
9.090000000000007e-01	9.089878e-01	9.090000e-01
9.100000000000007e-01	9.099878e-01	9.100000e-01
9.110000000000007e-01	9.109879e-01	9.110000e-01
9.120000000000007e-01	9.119878e-01	9.120000e-01
9.130000000000007e-01	9.129878e-01	9.130000e-01
9.140000000000007e-01	9.139878e-01	9.140000e-01
9.150000000000007e-01	9.149878e-01	9.150000e-01
9.160000000000007e-01	9.159878e-01	9.160000e-01
9.170000000000007e-01	9.169878e-01	9.170000e-01
9.180000000000007e-01	9.179878e-01	9.180000e-01
9.190000000000007e-01	9.189878e-01	9.190000e-01
9.200000000000007e-01	9.199877e-01	9.200000e-01
9.210000000000007e-01	9.209877e-01	9.210000e-01
9.220000000000007e-01	9.219877e-01	9.220000e-01
9.230000000000007e-01	9.229876e-01	9.230000e-01
9.240000000000007e-01	9.239876e-01	9.240000e-01
9.250000000000007e-01	9.249876e-01	9.250000e-01
9.260000000000007e-01	9.259876e-01	9.260000e-01
9.270000000000007e-01	9.269876e-01	9.270000e-01
9.280000000000007e-01	9.279876e-01	9.280000e-01
9.290000000000007e-01	9.289876e-01	9.290000e-01
9.300000000000007e-01	9.299875e-01	9.300000e-01
9.310000000000007e-01	9.309875e-01	9.310000e-01
9.320000000000007e-01	9.319875e-01	9.320000e-01
9.330000000000007e-01	9.329875e-01	9.330000e-01
9.340000000000007e-01	9.339874e-01	9.340000e-01
9.350000000000007e-01	9.349874e-01	9.350000e-01
9.360000000000007e-01	9.359874e-01	9.360000e-01
9.370000000000007e-01	9.369873e-01	9.370000e-01
9.380000000000007e-01	9.379873e-01	9.380000e-01
9.390000000000007e-01	9.389873e-01	9.390000e-01
9.400000000000007e-01	9.399872e-01	9.400000e-01
9.410000000000007e-01	9.409872e-01	9.410000e-01
9.420000000000007e-01	9.419872e-01	9.420000e-01
9.430000000000007e-01	9.429871e-01	9.430000e-01
9.440000000000007e-01	9.439871e-01	9.440000e-01
9.450000000000007e-01	9.449871e-01	9.450000e-01
9.460000000000007e-01	9.459870e-01	9.460000e-01
9.470000000000007e-01	9.469870e-01	9.470000e-01
9.480000000000007e-01	9.479870e-01	9.480000e-01
9.490000000000007e-01	9.489869e-01	9.490000e-01
9.500000000000007e-01	9.499869e-01	9.500000e-01
9.510000000000007e-01	9.509868e-01	9.510000e-01
9.520000000000007e-01	9.519868e-01	9.520000e-01
9.530000000000007e-01	9.529868e-01	9.530000e-01
9.540000000000007e-01	9.539867e-01	9.540000e-01
9.550000000000007e-01	9.549867e-01	9.550000e-01
9.560000000000007e-01	9.559866e-01	9.560000e-01
9.570000000000007e-01	9.569866e-01	9.570000e-01
9.580000000000007e-01	9.579865e-01	9.580000e-01
9.590000000000007e-01	9.589865e-01	9.590000e-01
9.600000000000007e-01	9.599864e-01	9.600000e-01
9.610000000000007e-01	9.609864e-01	9.610000e-01
9.620000000000007e-01	9.619864e-01	9.620000e-01
9.630000000000007e-01	9.629864e-01	9.630000e-01
9.640000000000007e-01	9.639863e-01	9.640000e-01
9.650000000000007e-01	9.649862e-01	9.650000e-01
9.660000000000007e-01	9.659862e-01	9.660000e-01
9.670000000000007e-01	9.669861e-01	9.670000e-01
9.680000000000007e-01	9.679861e-01	9.680000e-01
9.690000000000007e-01	9.689860e-01	9.690000e-01
9.700000000000008e-01	9.699860e-01	9.700000e-01
9.710000000000008e-01	9.709859e-01	9.710000e-01
9.720000000000008e-01	9.719859e-01	9.720000e-01
9.730000000000008e-01	9.729859e-01	9.730000e-01
9.740000000000008e-01	9.739858e-01	9.740000e-01
9.750000000000008e-01	9.749857e-01	9.750000e-01
9.760000000000008e-01	9.759857e-01	9.760000e-01
9.770000000000008e-01	9.769856e-01	9.770000e-01
9.780000000000008e-01	9.779856e-01	9.780000e-01
9.790000000000008e-01	9.789855e-01	9.790000e-01
9.800000000000008e-01	9.799855e-01	9.800000e-01
9.810000000000008e-01	9.809855e-01	9.810000e-01
9.820000000000008e-01	9.819854e-01	9.820000e-01
9.830000000000008e-01	9.829853e-01	9.830000e-01
9.840000000000008e-01	9.839853e-01	9.840000e-01
9.850000000000008e-01	9.849852e-01	9.850000e-01
9.860000000000008e-01	9.859852e-01	9.860000e-01
9.870000000000008e-01	9.869851e-01	9.870000e-01
9.880000000000008e-01	9.879851e-01	9.880000e-01
9.890000000000008e-01	9.889850e-01	9.890000e-01
9.900000000000008e-01	9.899849e-01	9.900000e-01
9.910000000000008e-01	9.909849e-01	9.910000e-01
9.920000000000008e-01	9.919848e-01	9.920000e-01
9.930000000000008e-01	9.929848e-01	9.930000e-01
9.940000000000008e-01	9.939847e-01	9.940000e-01
9.950000000000008e-01	9.949847e-01	9.950000e-01
9.960000000000008e-01	9.959846e-01	9.960000e-01
9.970000000000008e-01	9.969845e-01	9.970000e-01
9.980000000000008e-01	9.979845e-01	9.980000e-01
9.990000000000008e-01	9.989845e-01	9.990000e-01
1.000000000000001e+00	9.999844e-01	1.000000e+00
1.001000000000001e+00	1.000984e+00	1.001000e+00
1.002000000000000e+00	1.001984e+00	1.002000e+00
1.003000000000000e+00	1.002984e+00	1.003000e+00
1.004000000000000e+00	1.003984e+00	1.004000e+00
1.005000000000000e+00	1.004984e+00	1.005000e+00
1.006000000000000e+00	1.005984e+00	1.006000e+00
1.007000000000000e+00	1.006984e+00	1.007000e+00
1.008000000000000e+00	1.007984e+00	1.008000e+00
1.009000000000000e+00	1.008984e+00	1.009000e+00
1.010000000000000e+00	1.009984e+00	1.010000e+00
1.010999999999999e+00	1.010984e+00	1.011000e+00
1.011999999999999e+00	1.011984e+00	1.012000e+00
1.012999999999999e+00	1.012984e+00	1.013000e+00
1.013999999999999e+00	1.013983e+00	1.014000e+00
1.014999999999999e+00	1.014983e+00	1.015000e+00
1.015999999999999e+00	1.015983e+00	1.016000e+00
1.016999999999999e+00	1.016983e+00	1.017000e+00
1.017999999999999e+00	1.017983e+00	1.018000e+00
1.018999999999999e+00	1.018983e+00	1.019000e+00
1.019999999999998e+00	1.019983e+00	1.020000e+00
1.020999999999998e+00	1.020983e+00	1.021000e+00
1.021999999999998e+00	1.021983e+00	1.022000e+00
1.022999999999998e+00	1.022983e+00	1.023000e+00
1.023999999999998e+00	1.023983e+00	1.024000e+00
1.024999999999998e+00	1.024983e+00	1.025000e+00
1.025999999999998e+00	1.025983e+00	1.026000e+00
1.026999999999998e+00	1.026983e+00	1.027000e+00
1.027999999999998e+00	1.027983e+00	1.028000e+00
1.028999999999997e+00	1.028983e+00	1.029000e+00
1.029999999999997e+00	1.029982e+00	1.030000e+00
1.030999999999997e+00	1.030982e+00	1.031000e+00
1.031999999999997e+00	1.031982e+00	1.032000e+00
1.032999999999997e+00	1.032982e+00	1.033000e+00
1.033999999999997e+00	1.033982e+00	1.034000e+00
1.034999999999997e+00	1.034982e+00	1.035000e+00
1.035999999999997e+00	1.035982e+00	1.036000e+00
1.036999999999997e+00	1.036982e+00	1.037000e+00
1.037999999999996e+00	1.037982e+00	1.038000e+00
1.038999999999996e+00	1.038982e+00	1.039000e+00
1.039999999999996e+00	1.039982e+00	1.040000e+00
1.040999999999996e+00	1.040982e+00	1.041000e+00
1.041999999999996e+00	1.041982e+00	1.042000e+00
1.042999999999996e+00	1.042982e+00	1.043000e+00
1.043999999999996e+00	1.043982e+00	1.044000e+00
1.044999999999996e+00	1.044981e+00	1.045000e+00
1.045999999999996e+00	1.045981e+00	1.046000e+00
1.046999999999995e+00	1.046981e+00	1.047000e+00
1.047999999999995e+00	1.047981e+00	1.048000e+00
1.048999999999995e+00	1.048981e+00	1.049000e+00
1.049999999999995e+00	1.049981e+00	1.050000e+00
1.050999999999995e+00	1.050981e+00	1.051000e+00
1.051999999999995e+00	1.051981e+00	1.052000e+00
1.052999999999995e+00	1.052981e+00	1.053000e+00
1.053999999999995e+00	1.053981e+00	1.054000e+00
1.054999999999995e+00	1.054981e+00	1.055000e+00
1.055999999999994e+00	1.055981e+00	1.056000e+00
1.056999999999994e+00	1.056981e+00	1.057000e+00
1.057999999999994e+00	1.057981e+00	1.058000e+00
1.058999999999994e+00	1.058980e+00	1.059000e+00
1.059999999999994e+00	1.059980e+00	1.060000e+00
1.060999999999994e+00	1.060980e+00	1.061000e+00
1.061999999999994e+00	1.061980e+00	1.062000e+00
1.062999999999994e+00	1.062980e+00	1.063000e+00
1.063999999999994e+00	1.063980e+00	1.064000e+00
1.064999999999994e+00	1.064980e+00	1.065000e+00
1.065999999999993e+00	1.065980e+00	1.066000e+00
1.066999999999993e+00	1.066980e+00	1.067000e+00
1.067999999999993e+00	1.067980e+00	1.068000e+00
1.068999999999993e+00	1.068980e+00	1.069000e+00
1.069999999999993e+00	1.069980e+00	1.070000e+00
1.070999999999993e+00	1.070980e+00	1.071000e+00
1.071999999999993e+00	1.071980e+00	1.072000e+00
1.072999999999993e+00	1.072980e+00	1.073000e+00
1.073999999999993e+00	1.073979e+00	1.074000e+00
1.074999999999992e+00	1.074979e+00	1.075000e+00
1.075999999999992e+00	1.075979e+00	1.076000e+00
1.076999999999992e+00	1.076979e+00	1.077000e+00
1.077999999999992e+00	1.077979e+00	1.078000e+00
1.078999999999992e+00	1.078979e+00	1.079000e+00
1.079999999999992e+00	1.079979e+00	1.080000e+00
1.080999999999992e+00	1.080979e+00	1.081000e+00
1.081999999999992e+00	1.081979e+00	1.082000e+00
1.082999999999992e+00	1.082979e+00	1.083000e+00
1.083999999999991e+00	1.083979e+00	1.084000e+00
1.084999999999991e+00	1.084979e+00	1.085000e+00
1.085999999999991e+00	1.085979e+00	1.086000e+00
1.086999999999991e+00	1.086978e+00	1.087000e+00
1.087999999999991e+00	1.087978e+00	1.088000e+00
1.088999999999991e+00	1.088978e+00	1.089000e+00
1.089999999999991e+00	1.089978e+00	1.090000e+00
1.090999999999991e+00	1.090978e+00	1.091000e+00
1.091999999999991e+00	1.091978e+00	1.092000e+00
1.092999999999990e+00	1.092978e+00	1.093000e+00
1.093999999999990e+00	1.093978e+00	1.094000e+00
1.094999999999990e+00	1.094978e+00	1.095000e+00
1.095999999999990e+00	1.095978e+00	1.096000e+00
1.096999999999990e+00	1.096978e+00	1.097000e+00
1.097999999999990e+00	1.097978e+00	1.098000e+00
1.098999999999990e+00	1.098978e+00	1.099000e+00
1.099999999999990e+00	1.099977e+00	1.100000e+00
1.100999999999990e+00	1.100977e+00	1.101000e+00
1.101999999999989e+00	1.101977e+00	1.102000e+00
1.102999999999989e+00	1.102977e+00	1.103000e+00
1.103999999999989e+00	1.103977e+00	1.104000e+00
1.104999999999989e+00	1.104977e+00	1.105000e+00
1.105999999999989e+00	1.105977e+00	1.106000e+00
1.106999999999989e+00	1.106977e+00	1.107000e+00
1.107999999999989e+00	1.107977e+00	1.108000e+00
1.108999999999989e+00	1.108977e+00	1.109000e+00
1.109999999999989e+00	1.109977e+00	1.110000e+00
1.110999999999988e+00	1.110977e+00	1.111000e+00
1.111999999999988e+00	1.111977e+00	1.112000e+00
1.112999999999988e+00	1.112977e+00	1.113000e+00
1.113999999999988e+00	1.113976e+00	1.114000e+00
1.114999999999988e+00	1.114976e+00	1.115000e+00
1.115999999999988e+00	1.115976e+00	1.116000e+00
1.116999999999988e+00	1.116976e+00	1.117000e+00
1.117999999999988e+00	1.117976e+00	1.118000e+00
1.118999999999988e+00	1.118976e+00	1.119000e+00
1.119999999999987e+00	1.119976e+00	1.120000e+00
1.120999999999987e+00	1.120976e+00	1.121000e+00
1.121999999999987e+00	1.121976e+00	1.122000e+00
1.122999999999987e+00	1.122976e+00	1.123000e+00
1.123999999999987e+00	1.123976e+00	1.124000e+00
1.124999999999987e+00	1.124976e+00	1.125000e+00
1.125999999999987e+00	1.125975e+00	1.126000e+00
1.126999999999987e+00	1.126975e+00	1.127000e+00
1.127999999999987e+00	1.127975e+00	1.128000e+00
1.128999999999986e+00	1.128975e+00	1.129000e+00
1.129999999999986e+00	1.129975e+00	1.130000e+00
1.130999999999986e+00	1.130975e+00	1.131000e+00
1.131999999999986e+00	1.131975e+00	1.132000e+00
1.132999999999986e+00	1.132975e+00	1.133000e+00
1.133999999999986e+00	1.133975e+00	1.134000e+00
1.134999999999986e+00	1.134975e+00	1.135000e+00
1.135999999999986e+00	1.135975e+00	1.136000e+00
1.136999999999986e+00	1.136975e+00	1.137000e+00
1.137999999999985e+00	1.137975e+00	1.138000e+00
1.138999999999985e+00	1.138974e+00	1.139000e+00
1.139999999999985e+00	1.139974e+00	1.140000e+00
1.140999999999985e+00	1.140974e+00	1.141000e+00
1.141999999999985e+00	1.141974e+00	1.142000e+00
1.142999999999985e+00	1.142974e+00	1.143000e+00
1.143999999999985e+00	1.143974e+00	1.144000e+00
1.144999999999985e+00	1.144974e+00	1.145000e+00
1.145999999999985e+00	1.145974e+00	1.146000e+00
1.146999999999984e+00	1.146974e+00	1.147000e+00
1.147999999999984e+00	1.147974e+00	1.148000e+00
1.148999999999984e+00	1.148974e+00	1.149000e+00
1.149999999999984e+00	1.149974e+00	1.150000e+00
1.150999999999984e+00	1.150973e+00	1.151000e+00
1.151999999999984e+00	1.151973e+00	1.152000e+00
1.152999999999984e+00	1.152973e+00	1.153000e+00
1.153999999999984e+00	1.153973e+00	1.154000e+00
1.154999999999984e+00	1.154973e+00	1.155000e+00
1.155999999999983e+00	1.155973e+00	1.156000e+00
1.156999999999983e+00	1.156973e+00	1.157000e+00
1.157999999999983e+00	1.157973e+00	1.158000e+00
1.158999999999983e+00	1.158973e+00	1.159000e+00
1.159999999999983e+00	1.159973e+00	1.160000e+00
1.160999999999983e+00	1.160973e+00	1.161000e+00
1.161999999999983e+00	1.161973e+00	1.162000e+00
1.162999999999983e+00	1.162973e+00	1.163000e+00
1.163999999999983e+00	1.163972e+00	1.164000e+00
1.164999999999982e+00	1.164972e+00	1.165000e+00
1.165999999999982e+00	1.165972e+00	1.166000e+00
1.166999999999982e+00	1.166972e+00	1.167000e+00
1.167999999999982e+00	1.167972e+00	1.168000e+00
1.168999999999982e+00	1.168972e+00	1.169000e+00
1.169999999999982e+00	1.169972e+00	1.170000e+00
1.170999999999982e+00	1.170972e+00	1.171000e+00
1.171999999999982e+00	1.171972e+00	1.172000e+00
1.172999999999982e+00	1.172972e+00	1.173000e+00
1.173999999999982e+00	1.173972e+00	1.174000e+00
1.174999999999981e+00	1.174971e+00	1.175000e+00
1.175999999999981e+00	1.175971e+00	1.176000e+00
1.176999999999981e+00	1.176971e+00	1.177000e+00
1.177999999999981e+00	1.177971e+00	1.178000e+00
1.178999999999981e+00	1.178971e+00	1.179000e+00
1.179999999999981e+00	1.179971e+00	1.180000e+00
1.180999999999981e+00	1.180971e+00	1.181000e+00
1.181999999999981e+00	1.181971e+00	1.182000e+00
1.182999999999981e+00	1.182971e+00	1.183000e+00
1.183999999999980e+00	1.183971e+00	1.184000e+00
1.184999999999980e+00	1.184971e+00	1.185000e+00
1.185999999999980e+00	1.185971e+00	1.186000e+00
1.186999999999980e+00	1.186970e+00	1.187000e+00
1.187999999999980e+00	1.187970e+00	1.188000e+00
1.188999999999980e+00	1.188970e+00	1.189000e+00
1.189999999999980e+00	1.189970e+00	1.190000e+00
1.190999999999980e+00	1.190970e+00	1.191000e+00
1.191999999999980e+00	1.191970e+00	1.192000e+00
1.192999999999979e+00	1.192970e+00	1.193000e+00
1.193999999999979e+00	1.193970e+00	1.194000e+00
1.194999999999979e+00	1.194970e+00	1.195000e+00
1.195999999999979e+00	1.195970e+00	1.196000e+00
1.196999999999979e+00	1.196970e+00	1.197000e+00
1.197999999999979e+00	1.197970e+00	1.198000e+00
1.198999999999979e+00	1.198969e+00	1.199000e+00
1.199999999999979e+00	1.199969e+00	1.200000e+00
1.200999999999979e+00	1.200969e+00	1.201000e+00
1.201999999999978e+00	1.201969e+00	1.202000e+00
1.202999999999978e+00	1.202969e+00	1.203000e+00
1.203999999999978e+00	1.203969e+00	1.204000e+00
1.204999999999978e+00	1.204969e+00	1.205000e+00
1.205999999999978e+00	1.205969e+00	1.206000e+00
1.206999999999978e+00	1.206969e+00	1.207000e+00
1.207999999999978e+00	1.207969e+00	1.208000e+00
1.208999999999978e+00	1.208969e+00	1.209000e+00
1.209999999999978e+00	1.209969e+00	1.210000e+00
1.210999999999977e+00	1.210968e+00	1.211000e+00
1.211999999999977e+00	1.211968e+00	1.212000e+00
1.212999999999977e+00	1.212968e+00	1.213000e+00
1.213999999999977e+00	1.213968e+00	1.214000e+00
1.214999999999977e+00	1.214968e+00	1.215000e+00
1.215999999999977e+00	1.215968e+00	1.216000e+00
1.216999999999977e+00	1.216968e+00	1.217000e+00
1.217999999999977e+00	1.217968e+00	1.218000e+00
1.218999999999977e+00	1.218968e+00	1.219000e+00
1.219999999999976e+00	1.219968e+00	1.220000e+00
1.220999999999976e+00	1.220968e+00	1.221000e+00
1.221999999999976e+00	1.221967e+00	1.222000e+00
1.222999999999976e+00	1.222967e+00	1.223000e+00
1.223999999999976e+00	1.223967e+00	1.224000e+00
1.224999999999976e+00	1.224967e+00	1.225000e+00
1.225999999999976e+00	1.225967e+00	1.226000e+00
1.226999999999976e+00	1.226967e+00	1.227000e+00
1.227999999999976e+00	1.227967e+00	1.228000e+00
1.228999999999975e+00	1.228967e+00	1.229000e+00
1.229999999999975e+00	1.229967e+00	1.230000e+00
1.230999999999975e+00	1.230967e+00	1.231000e+00
1.231999999999975e+00	1.231967e+00	1.232000e+00
1.232999999999975e+00	1.232967e+00	1.233000e+00
1.233999999999975e+00	1.233966e+00	1.234000e+00
1.234999999999975e+00	1.234966e+00	1.235000e+00
1.235999999999975e+00	1.235966e+00	1.236000e+00
1.236999999999975e+00	1.236966e+00	1.237000e+00
1.237999999999974e+00	1.237966e+00	1.238000e+00
1.238999999999974e+00	1.238966e+00	1.239000e+00
1.239999999999974e+00	1.239966e+00	1.240000e+00
1.240999999999974e+00	1.240966e+00	1.241000e+00
1.241999999999974e+00	1.241966e+00	1.242000e+00
1.242999999999974e+00	1.242966e+00	1.243000e+00
1.243999999999974e+00	1.243966e+00	1.244000e+00
1.244999999999974e+00	1.244965e+00	1.245000e+00
1.245999999999974e+00	1.245965e+00	1.246000e+00
1.246999999999973e+00	1.246965e+00	1.247000e+00
1.247999999999973e+00	1.247965e+00	1.248000e+00
1.248999999999973e+00	1.248965e+00	1.249000e+00
1.249999999999973e+00	1.249965e+00	1.250000e+00
1.250999999999973e+00	1.250965e+00	1.251000e+00
1.251999999999973e+00	1.251965e+00	1.252000e+00
1.252999999999973e+00	1.252965e+00	1.253000e+00
1.253999999999973e+00	1.253965e+00	1.254000e+00
1.254999999999973e+00	1.254965e+00	1.255000e+00
1.255999999999972e+00	1.255965e+00	1.256000e+00
1.256999999999972e+00	1.256964e+00	1.257000e+00
1.257999999999972e+00	1.257964e+00	1.258000e+00
1.258999999999972e+00	1.258964e+00	1.259000e+00
1.259999999999972e+00	1.259964e+00	1.260000e+00
1.260999999999972e+00	1.260964e+00	1.261000e+00
1.261999999999972e+00	1.261964e+00	1.262000e+00
1.262999999999972e+00	1.262964e+00	1.263000e+00
1.263999999999972e+00	1.263964e+00	1.264000e+00
1.264999999999971e+00	1.264964e+00	1.265000e+00
1.265999999999971e+00	1.265964e+00	1.266000e+00
1.266999999999971e+00	1.266963e+00	1.267000e+00
1.267999999999971e+00	1.267963e+00	1.268000e+00
1.268999999999971e+00	1.268963e+00	1.269000e+00
1.269999999999971e+00	1.269963e+00	1.270000e+00
1.270999999999971e+00	1.270963e+00	1.271000e+00
1.271999999999971e+00	1.271963e+00	1.272000e+00
1.272999999999971e+00	1.272963e+00	1.273000e+00
1.273999999999970e+00	1.273963e+00	1.274000e+00
1.274999999999970e+00	1.274963e+00	1.275000e+00
1.275999999999970e+00	1.275963e+00	1.276000e+00
1.276999999999970e+00	1.276963e+00	1.277000e+00
1.277999999999970e+00	1.277962e+00	1.278000e+00
1.278999999999970e+00	1.278962e+00	1.279000e+00
1.279999999999970e+00	1.279962e+00	1.280000e+00
1.280999999999970e+00	1.280962e+00	1.281000e+00
1.281999999999970e+00	1.281962e+00	1.282000e+00
1.282999999999969e+00	1.282962e+00	1.283000e+00
1.283999999999969e+00	1.283962e+00	1.284000e+00
1.284999999999969e+00	1.284962e+00	1.285000e+00
1.285999999999969e+00	1.285962e+00	1.286000e+00
1.286999999999969e+00	1.286962e+00	1.287000e+00
1.287999999999969e+00	1.287961e+00	1.288000e+00
1.288999999999969e+00	1.288961e+00	1.289000e+00
1.289999999999969e+00	1.289961e+00	1.290000e+00
1.290999999999969e+00	1.290961e+00	1.291000e+00
1.291999999999969e+00	1.291961e+00	1.292000e+00
1.292999999999968e+00	1.292961e+00	1.293000e+00
1.293999999999968e+00	1.293961e+00	1.294000e+00
1.294999999999968e+00	1.294961e+00	1.295000e+00
1.295999999999968e+00	1.295961e+00	1.296000e+00
1.296999999999968e+00	1.296961e+00	1.297000e+00
1.297999999999968e+00	1.297961e+00	1.298000e+00
1.298999999999968e+00	1.298960e+00	1.299000e+00
1.299999999999968e+00	1.299960e+00	1.300000e+00
1.300999999999968e+00	1.300960e+00	1.301000e+00
1.301999999999967e+00	1.301960e+00	1.302000e+00
1.302999999999967e+00	1.302960e+00	1.303000e+00
1.303999999999967e+00	1.303960e+00	1.304000e+00
1.304999999999967e+00	1.304960e+00	1.305000e+00
1.305999999999967e+00	1.305960e+00	1.306000e+00
1.306999999999967e+00	1.306960e+00	1.307000e+00
1.307999999999967e+00	1.307960e+00	1.308000e+00
1.308999999999967e+00	1.308959e+00	1.309000e+00
1.309999999999967e+00	1.309959e+00	1.310000e+00
1.310999999999966e+00	1.310959e+00	1.311000e+00
1.311999999999966e+00	1.311959e+00	1.312000e+00
1.312999999999966e+00	1.312959e+00	1.313000e+00
1.313999999999966e+00	1.313959e+00	1.314000e+00
1.314999999999966e+00	1.314959e+00	1.315000e+00
1.315999999999966e+00	1.315959e+00	1.316000e+00
1.316999999999966e+00	1.316959e+00	1.317000e+00
1.317999999999966e+00	1.317959e+00	1.318000e+00
1.318999999999966e+00	1.318959e+00	1.319000e+00
1.319999999999965e+00	1.319958e+00	1.320000e+00
1.320999999999965e+00	1.320958e+00	1.321000e+00
1.321999999999965e+00	1.321958e+00	1.322000e+00
1.322999999999965e+00	1.322958e+00	1.323000e+00
1.323999999999965e+00	1.323958e+00	1.324000e+00
1.324999999999965e+00	1.324958e+00	1.325000e+00
1.325999999999965e+00	1.325958e+00	1.326000e+00
1.326999999999965e+00	1.326958e+00	1.327000e+00
1.327999999999965e+00	1.327958e+00	1.328000e+00
1.328999999999964e+00	1.328958e+00	1.329000e+00
1.329999999999964e+00	1.329957e+00	1.330000e+00
1.330999999999964e+00	1.330957e+00	1.331000e+00
1.331999999999964e+00	1.331957e+00	1.332000e+00
1.332999999999964e+00	1.332957e+00	1.333000e+00
1.333999999999964e+00	1.333957e+00	1.334000e+00
1.334999999999964e+00	1.334957e+00	1.335000e+00
1.335999999999964e+00	1.335957e+00	1.336000e+00
1.336999999999964e+00	1.336957e+00	1.337000e+00
1.337999999999963e+00	1.337957e+00	1.338000e+00
1.338999999999963e+00	1.338957e+00	1.339000e+00
1.339999999999963e+00	1.339956e+00	1.340000e+00
1.340999999999963e+00	1.340956e+00	1.341000e+00
1.341999999999963e+00	1.341956e+00	1.342000e+00
1.342999999999963e+00	1.342956e+00	1.343000e+00
1.343999999999963e+00	1.343956e+00	1.344000e+00
1.344999999999963e+00	1.344956e+00	1.345000e+00
1.345999999999963e+00	1.345956e+00	1.346000e+00
1.346999999999962e+00	1.346956e+00	1.347000e+00
1.347999999999962e+00	1.347956e+00	1.348000e+00
1.348999999999962e+00	1.348956e+00	1.349000e+00
1.349999999999962e+00	1.349955e+00	1.350000e+00
1.350999999999962e+00	1.350955e+00	1.351000e+00
1.351999999999962e+00	1.351955e+00	1.352000e+00
1.352999999999962e+00	1.352955e+00	1.353000e+00
1.353999999999962e+00	1.353955e+00	1.354000e+00
1.354999999999962e+00	1.354955e+00	1.355000e+00
1.355999999999961e+00	1.355955e+00	1.356000e+00
1.356999999999961e+00	1.356955e+00	1.357000e+00
1.357999999999961e+00	1.357955e+00	1.358000e+00
1.358999999999961e+00	1.358954e+00	1.359000e+00
1.359999999999961e+00	1.359954e+00	1.360000e+00
1.360999999999961e+00	1.360954e+00	1.361000e+00
1.361999999999961e+00	1.361954e+00	1.362000e+00
1.362999999999961e+00	1.362954e+00	1.363000e+00
1.363999999999961e+00	1.363954e+00	1.364000e+00
1.364999999999960e+00	1.364954e+00	1.365000e+00
1.365999999999960e+00	1.365954e+00	1.366000e+00
1.366999999999960e+00	1.366954e+00	1.367000e+00
1.367999999999960e+00	1.367954e+00	1.368000e+00
1.368999999999960e+00	1.368953e+00	1.369000e+00
1.369999999999960e+00	1.369953e+00	1.370000e+00
1.370999999999960e+00	1.370953e+00	1.371000e+00
1.371999999999960e+00	1.371953e+00	1.372000e+00
1.372999999999960e+00	1.372953e+00	1.373000e+00
1.373999999999959e+00	1.373953e+00	1.374000e+00
1.374999999999959e+00	1.374953e+00	1.375000e+00
1.375999999999959e+00	1.375953e+00	1.376000e+00
1.376999999999959e+00	1.376953e+00	1.377000e+00
1.377999999999959e+00	1.377952e+00	1.378000e+00
1.378999999999959e+00	1.378952e+00	1.379000e+00
1.379999999999959e+00	1.379952e+00	1.380000e+00
1.380999999999959e+00	1.380952e+00	1.381000e+00
1.381999999999959e+00	1.381952e+00	1.382000e+00
1.382999999999958e+00	1.382952e+00	1.383000e+00
1.383999999999958e+00	1.383952e+00	1.384000e+00
1.384999999999958e+00	1.384952e+00	1.385000e+00
1.385999999999958e+00	1.385952e+00	1.386000e+00
1.386999999999958e+00	1.386951e+00	1.387000e+00
1.387999999999958e+00	1.387951e+00	1.388000e+00
1.388999999999958e+00	1.388951e+00	1.389000e+00
1.389999999999958e+00	1.389951e+00	1.390000e+00
1.390999999999958e+00	1.390951e+00	1.391000e+00
1.391999999999957e+00	1.391951e+00	1.392000e+00
1.392999999999957e+00	1.392951e+00	1.393000e+00
1.393999999999957e+00	1.393951e+00	1.394000e+00
1.394999999999957e+00	1.394951e+00	1.395000e+00
1.395999999999957e+00	1.395950e+00	1.396000e+00
1.396999999999957e+00	1.396950e+00	1.397000e+00
1.397999999999957e+00	1.397950e+00	1.398000e+00
1.398999999999957e+00	1.398950e+00	1.399000e+00
1.399999999999957e+00	1.399950e+00	1.400000e+00
1.400999999999957e+00	1.400950e+00	1.401000e+00
1.401999999999956e+00	1.401950e+00	1.402000e+00
1.402999999999956e+00	1.402950e+00	1.403000e+00
1.403999999999956e+00	1.403949e+00	1.404000e+00
1.404999999999956e+00	1.404949e+00	1.405000e+00
1.405999999999956e+00	1.405949e+00	1.406000e+00
1.406999999999956e+00	1.406949e+00	1.407000e+00
1.407999999999956e+00	1.407949e+00	1.408000e+00
1.408999999999956e+00	1.408949e+00	1.409000e+00
1.409999999999956e+00	1.409949e+00	1.410000e+00
1.410999999999955e+00	1.410949e+00	1.411000e+00
1.411999999999955e+00	1.411948e+00	1.412000e+00
1.412999999999955e+00	1.412948e+00	1.413000e+00
1.413999999999955e+00	1.413948e+00	1.414000e+00
1.414999999999955e+00	1.414948e+00	1.415000e+00
1.415999999999955e+00	1.415948e+00	1.416000e+00
1.416999999999955e+00	1.416948e+00	1.417000e+00
1.417999999999955e+00	1.417948e+00	1.418000e+00
1.418999999999955e+00	1.418948e+00	1.419000e+00
1.419999999999954e+00	1.419948e+00	1.420000e+00
1.420999999999954e+00	1.420947e+00	1.421000e+00
1.421999999999954e+00	1.421947e+00	1.422000e+00
1.422999999999954e+00	1.422947e+00	1.423000e+00
1.423999999999954e+00	1.423947e+00	1.424000e+00
1.424999999999954e+00	1.424947e+00	1.425000e+00
1.425999999999954e+00	1.425947e+00	1.426000e+00
1.426999999999954e+00	1.426947e+00	1.427000e+00
1.427999999999954e+00	1.427946e+00	1.428000e+00
1.428999999999953e+00	1.428946e+00	1.429000e+00
1.429999999999953e+00	1.429946e+00	1.430000e+00
1.430999999999953e+00	1.430946e+00	1.431000e+00
1.431999999999953e+00	1.431946e+00	1.432000e+00
1.432999999999953e+00	1.432946e+00	1.433000e+00
1.433999999999953e+00	1.433946e+00	1.434000e+00
1.434999999999953e+00	1.434946e+00	1.435000e+00
1.435999999999953e+00	1.435945e+00	1.436000e+00
1.436999999999953e+00	1.436945e+00	1.437000e+00
1.437999999999952e+00	1.437945e+00	1.438000e+00
1.438999999999952e+00	1.438945e+00	1.439000e+00
1.439999999999952e+00	1.439945e+00	1.440000e+00
1.440999999999952e+00	1.440945e+00	1.441000e+00
1.441999999999952e+00	1.441945e+00	1.442000e+00
1.442999999999952e+00	1.442944e+00	1.443000e+00
1.443999999999952e+00	1.443944e+00	1.444000e+00
1.444999999999952e+00	1.444944e+00	1.445000e+00
1.445999999999952e+00	1.445944e+00	1.446000e+00
1.446999999999951e+00	1.446944e+00	1.447000e+00
1.447999999999951e+00	1.447944e+00	1.448000e+00
1.448999999999951e+00	1.448944e+00	1.449000e+00
1.449999999999951e+00	1.449944e+00	1.450000e+00
1.450999999999951e+00	1.450943e+00	1.451000e+00
1.451999999999951e+00	1.451943e+00	1.452000e+00
1.452999999999951e+00	1.452943e+00	1.453000e+00
1.453999999999951e+00	1.453943e+00	1.454000e+00
1.454999999999951e+00	1.454943e+00	1.455000e+00
1.455999999999950e+00	1.455943e+00	1.456000e+00
1.456999999999950e+00	1.456942e+00	1.457000e+00
1.457999999999950e+00	1.457942e+00	1.458000e+00
1.458999999999950e+00	1.458942e+00	1.459000e+00
1.459999999999950e+00	1.459942e+00	1.460000e+00
1.460999999999950e+00	1.460942e+00	1.461000e+00
1.461999999999950e+00	1.461942e+00	1.462000e+00
1.462999999999950e+00	1.462942e+00	1.463000e+00
1.463999999999950e+00	1.463941e+00	1.464000e+00
1.464999999999949e+00	1.464941e+00	1.465000e+00
1.465999999999949e+00	1.465941e+00	1.466000e+00
1.466999999999949e+00	1.466941e+00	1.467000e+00
1.467999999999949e+00	1.467941e+00	1.468000e+00
1.468999999999949e+00	1.468941e+00	1.469000e+00
1.469999999999949e+00	1.469941e+00	1.470000e+00
1.470999999999949e+00	1.470940e+00	1.471000e+00
1.471999999999949e+00	1.471940e+00	1.472000e+00
1.472999999999949e+00	1.472940e+00	1.473000e+00
1.473999999999948e+00	1.473940e+00	1.474000e+00
1.474999999999948e+00	1.474940e+00	1.475000e+00
1.475999999999948e+00	1.475940e+00	1.476000e+00
1.476999999999948e+00	1.476939e+00	1.477000e+00
1.477999999999948e+00	1.477939e+00	1.478000e+00
1.478999999999948e+00	1.478939e+00	1.479000e+00
1.479999999999948e+00	1.479939e+00	1.480000e+00
1.480999999999948e+00	1.480939e+00	1.481000e+00
1.481999999999948e+00	1.481939e+00	1.482000e+00
1.482999999999947e+00	1.482938e+00	1.483000e+00
1.483999999999947e+00	1.483938e+00	1.484000e+00
1.484999999999947e+00	1.484938e+00	1.485000e+00
1.485999999999947e+00	1.485938e+00	1.486000e+00
1.486999999999947e+00	1.486938e+00	1.487000e+00
1.487999999999947e+00	1.487937e+00	1.488000e+00
1.488999999999947e+00	1.488937e+00	1.489000e+00
1.489999999999947e+00	1.489937e+00	1.490000e+00
1.490999999999947e+00	1.490937e+00	1.491000e+00
1.491999999999946e+00	1.491937e+00	1.492000e+00
1.492999999999946e+00	1.492937e+00	1.493000e+00
1.493999999999946e+00	1.493936e+00	1.494000e+00
1.494999999999946e+00	1.494936e+00	1.495000e+00
1.495999999999946e+00	1.495936e+00	1.496000e+00
1.496999999999946e+00	1.496936e+00	1.497000e+00
1.497999999999946e+00	1.497936e+00	1.498000e+00
1.498999999999946e+00	1.498935e+00	1.499000e+00
1.499999999999946e+00	1.499935e+00	1.500000e+00
1.500999999999945e+00	1.500935e+00	1.501000e+00
1.501999999999945e+00	1.501935e+00	1.502000e+00
1.502999999999945e+00	1.502935e+00	1.503000e+00
1.503999999999945e+00	1.503935e+00	1.504000e+00
1.504999999999945e+00	1.504934e+00	1.505000e+00
1.505999999999945e+00	1.505934e+00	1.506000e+00
1.506999999999945e+00	1.506934e+00	1.507000e+00
1.507999999999945e+00	1.507934e+00	1.508000e+00
1.508999999999945e+00	1.508933e+00	1.509000e+00
1.509999999999944e+00	1.509933e+00	1.510000e+00
1.510999999999944e+00	1.510933e+00	1.511000e+00
1.511999999999944e+00	1.511933e+00	1.512000e+00
1.512999999999944e+00	1.512933e+00	1.513000e+00
1.513999999999944e+00	1.513932e+00	1.514000e+00
1.514999999999944e+00	1.514932e+00	1.515000e+00
1.515999999999944e+00	1.515932e+00	1.516000e+00
1.516999999999944e+00	1.516932e+00	1.517000e+00
1.517999999999944e+00	1.517932e+00	1.518000e+00
1.518999999999944e+00	1.518931e+00	1.519000e+00
1.519999999999943e+00	1.519931e+00	1.520000e+00
1.520999999999943e+00	1.520931e+00	1.521000e+00
1.521999999999943e+00	1.521931e+00	1.522000e+00
1.522999999999943e+00	1.522930e+00	1.523000e+00
1.523999999999943e+00	1.523930e+00	1.524000e+00
1.524999999999943e+00	1.524930e+00	1.525000e+00
1.525999999999943e+00	1.525930e+00	1.526000e+00
1.526999999999943e+00	1.526929e+00	1.527000e+00
1.527999999999943e+00	1.527929e+00	1.528000e+00
1.528999999999942e+00	1.528929e+00	1.529000e+00
1.529999999999942e+00	1.529929e+00	1.530000e+00
1.530999999999942e+00	1.530928e+00	1.531000e+00
1.531999999999942e+00	1.531928e+00	1.532000e+00
1.532999999999942e+00	1.532928e+00	1.533000e+00
1.533999999999942e+00	1.533928e+00	1.534000e+00
1.534999999999942e+00	1.534927e+00	1.535000e+00
1.535999999999942e+00	1.535927e+00	1.536000e+00
1.536999999999942e+00	1.536927e+00	1.537000e+00
1.537999999999941e+00	1.537926e+00	1.538000e+00
1.538999999999941e+00	1.538926e+00	1.539000e+00
1.539999999999941e+00	1.539926e+00	1.540000e+00
1.540999999999941e+00	1.540926e+00	1.541000e+00
1.541999999999941e+00	1.541925e+00	1.542000e+00
1.542999999999941e+00	1.542925e+00	1.543000e+00
1.543999999999941e+00	1.543925e+00	1.544000e+00
1.544999999999941e+00	1.544924e+00	1.545000e+00
1.545999999999941e+00	1.545924e+00	1.546000e+00
1.546999999999940e+00	1.546924e+00	1.547000e+00
1.547999999999940e+00	1.547923e+00	1.548000e+00
1.548999999999940e+00	1.548923e+00	1.549000e+00
1.549999999999940e+00	1.549923e+00	1.550000e+00
1.550999999999940e+00	1.550922e+00	1.551000e+00
1.551999999999940e+00	1.551922e+00	1.552000e+00
1.552999999999940e+00	1.552922e+00	1.553000e+00
1.553999999999940e+00	1.553921e+00	1.554000e+00
1.554999999999940e+00	1.554921e+00	1.555000e+00
1.555999999999939e+00	1.555921e+00	1.556000e+00
1.556999999999939e+00	1.556920e+00	1.557000e+00
1.557999999999939e+00	1.557920e+00	1.558000e+00
1.558999999999939e+00	1.558920e+00	1.559000e+00
1.559999999999939e+00	1.559919e+00	1.560000e+00
1.560999999999939e+00	1.560919e+00	1.561000e+00
1.561999999999939e+00	1.561918e+00	1.562000e+00
1.562999999999939e+00	1.562918e+00	1.563000e+00
1.563999999999939e+00	1.563918e+00	1.564000e+00
1.564999999999938e+00	1.564917e+00	1.565000e+00
1.565999999999938e+00	1.565917e+00	1.566000e+00
1.566999999999938e+00	1.566916e+00	1.567000e+00
1.567999999999938e+00	1.567916e+00	1.568000e+00
1.568999999999938e+00	1.568915e+00	1.569000e+00
1.569999999999938e+00	1.569915e+00	1.570000e+00
1.570999999999938e+00	1.570915e+00	1.571000e+00
1.571999999999938e+00	1.571914e+00	1.572000e+00
1.572999999999938e+00	1.572914e+00	1.573000e+00
1.573999999999937e+00	1.573913e+00	1.574000e+00
1.574999999999937e+00	1.574913e+00	1.575000e+00
1.575999999999937e+00	1.575912e+00	1.576000e+00
1.576999999999937e+00	1.576912e+00	1.577000e+00
1.577999999999937e+00	1.577911e+00	1.578000e+00
1.578999999999937e+00	1.578910e+00	1.579000e+00
1.579999999999937e+00	1.579910e+00	1.580000e+00
1.580999999999937e+00	1.580909e+00	1.581000e+00
1.581999999999937e+00	1.581909e+00	1.582000e+00
1.582999999999936e+00	1.582908e+00	1.583000e+00
1.583999999999936e+00	1.583908e+00	1.584000e+00
1.584999999999936e+00	1.584907e+00	1.585000e+00
1.585999999999936e+00	1.585906e+00	1.586000e+00
1.586999999999936e+00	1.586906e+00	1.587000e+00
1.587999999999936e+00	1.587905e+00	1.588000e+00
1.588999999999936e+00	1.588904e+00	1.589000e+00
1.589999999999936e+00	1.589904e+00	1.590000e+00
1.590999999999936e+00	1.590903e+00	1.591000e+00
1.591999999999935e+00	1.591902e+00	1.592000e+00
1.592999999999935e+00	1.592902e+00	1.593000e+00
1.593999999999935e+00	1.593901e+00	1.594000e+00
1.594999999999935e+00	1.594900e+00	1.595000e+00
1.595999999999935e+00	1.595899e+00	1.596000e+00
1.596999999999935e+00	1.596898e+00	1.597000e+00
1.597999999999935e+00	1.597898e+00	1.598000e+00
1.598999999999935e+00	1.598897e+00	1.599000e+00
1.599999999999935e+00	1.599896e+00	1.600000e+00
1.600999999999934e+00	1.600895e+00	1.601000e+00
1.601999999999934e+00	1.601894e+00	1.602000e+00
1.602999999999934e+00	1.602893e+00	1.603000e+00
1.603999999999934e+00	1.603892e+00	1.604000e+00
1.604999999999934e+00	1.604891e+00	1.605000e+00
1.605999999999934e+00	1.605890e+00	1.606000e+00
1.606999999999934e+00	1.606889e+00	1.607000e+00
1.607999999999934e+00	1.607888e+00	1.608000e+00
1.608999999999934e+00	1.608887e+00	1.609000e+00
1.609999999999933e+00	1.609886e+00	1.610000e+00
1.610999999999933e+00	1.610885e+00	1.611000e+00
1.611999999999933e+00	1.611884e+00	1.612000e+00
1.612999999999933e+00	1.612882e+00	1.613000e+00
1.613999999999933e+00	1.613881e+00	1.614000e+00
1.614999999999933e+00	1.614880e+00	1.615000e+00
1.615999999999933e+00	1.615879e+00	1.616000e+00
1.616999999999933e+00	1.616877e+00	1.617000e+00
1.617999999999933e+00	1.617876e+00	1.618000e+00
1.618999999999932e+00	1.618874e+00	1.619000e+00
1.619999999999932e+00	1.619873e+00	1.620000e+00
1.620999999999932e+00	1.620871e+00	1.621000e+00
1.621999999999932e+00	1.621870e+00	1.622000e+00
1.622999999999932e+00	1.622868e+00	1.623000e+00
1.623999999999932e+00	1.623867e+00	1.624000e+00
1.624999999999932e+00	1.624865e+00	1.625000e+00
1.625999999999932e+00	1.625863e+00	1.626000e+00
1.626999999999932e+00	1.626861e+00	1.627000e+00
1.627999999999932e+00	1.627859e+00	1.628000e+00
1.628999999999931e+00	1.628857e+00	1.629000e+00
1.629999999999931e+00	1.629856e+00	1.630000e+00
1.630999999999931e+00	1.630854e+00	1.631000e+00
1.631999999999931e+00	1.631851e+00	1.632000e+00
1.632999999999931e+00	1.632849e+00	1.633000e+00
1.633999999999931e+00	1.633847e+00	1.634000e+00
1.634999999999931e+00	1.634845e+00	1.635000e+00
1.635999999999931e+00	1.635842e+00	1.636000e+00
1.636999999999931e+00	1.636840e+00	1.637000e+00
1.637999999999930e+00	1.637837e+00	1.638000e+00
1.638999999999930e+00	1.638835e+00	1.639000e+00
1.639999999999930e+00	1.639832e+00	1.640000e+00
1.640999999999930e+00	1.640829e+00	1.641000e+00
1.641999999999930e+00	1.641826e+00	1.642000e+00
1.642999999999930e+00	1.642823e+00	1.643000e+00
1.643999999999930e+00	1.643820e+00	1.644000e+00
1.644999999999930e+00	1.644817e+00	1.645000e+00
1.645999999999930e+00	1.645813e+00	1.646000e+00
1.646999999999929e+00	1.646810e+00	1.647000e+00
1.647999999999929e+00	1.647807e+00	1.648000e+00
1.648999999999929e+00	1.648803e+00	1.649000e+00
1.649999999999929e+00	1.649799e+00	1.650000e+00
1.650999999999929e+00	1.650795e+00	1.651000e+00
1.651999999999929e+00	1.651791e+00	1.652000e+00
1.652999999999929e+00	1.652787e+00	1.653000e+00
1.653999999999929e+00	1.653783e+00	1.654000e+00
1.654999999999929e+00	1.654778e+00	1.655000e+00
1.655999999999928e+00	1.655774e+00	1.656000e+00
1.656999999999928e+00	1.656769e+00	1.657000e+00
1.657999999999928e+00	1.657764e+00	1.658000e+00
1.658999999999928e+00	1.658759e+00	1.659000e+00
1.659999999999928e+00	1.659753e+00	1.660000e+00
1.660999999999928e+00	1.660748e+00	1.661000e+00
1.661999999999928e+00	1.661742e+00	1.662000e+00
1.662999999999928e+00	1.662736e+00	1.663000e+00
1.663999999999928e+00	1.663730e+00	1.664000e+00
1.664999999999927e+00	1.664724e+00	1.665000e+00
1.665999999999927e+00	1.665717e+00	1.666000e+00
1.666999999999927e+00	1.666711e+00	1.667000e+00
1.667999999999927e+00	1.667704e+00	1.668000e+00
1.668999999999927e+00	1.668696e+00	1.669000e+00
1.669999999999927e+00	1.669689e+00	1.670000e+00
1.670999999999927e+00	1.670681e+00	1.671000e+00
1.671999999999927e+00	1.671673e+00	1.672000e+00
1.672999999999927e+00	1.672664e+00	1.673000e+00
1.673999999999926e+00	1.673656e+00	1.674000e+00
1.674999999999926e+00	1.674647e+00	1.675000e+00
1.675999999999926e+00	1.675637e+00	1.676000e+00
1.676999999999926e+00	1.676628e+00	1.677000e+00
1.677999999999926e+00	1.677617e+00	1.678000e+00
1.678999999999926e+00	1.678607e+00	1.679000e+00
1.679999999999926e+00	1.679596e+00	1.680000e+00
1.680999999999926e+00	1.680585e+00	1.681000e+00
1.681999999999926e+00	1.681573e+00	1.682000e+00
1.682999999999925e+00	1.682561e+00	1.683000e+00
1.683999999999925e+00	1.683548e+00	1.684000e+00
1.684999999999925e+00	1.684535e+00	1.685000e+00
1.685999999999925e+00	1.685521e+00	1.686000e+00
1.686999999999925e+00	1.686507e+00	1.687000e+00
1.687999999999925e+00	1.687492e+00	1.688000e+00
1.688999999999925e+00	1.688476e+00	1.689000e+00
1.689999999999925e+00	1.689460e+00	1.690000e+00
1.690999999999925e+00	1.690443e+00	1.691000e+00
1.691999999999924e+00	1.691425e+00	1.692000e+00
1.692999999999924e+00	1.692407e+00	1.693000e+00
1.693999999999924e+00	1.693388e+00	1.694000e+00
1.694999999999924e+00	1.694368e+00	1.695000e+00
1.695999999999924e+00	1.695347e+00	1.696000e+00
1.696999999999924e+00	1.696325e+00	1.697000e+00
1.697999999999924e+00	1.697302e+00	1.698000e+00
1.698999999999924e+00	1.698278e+00	1.699000e+00
1.699999999999924e+00	1.699253e+00	1.700000e+00
1.700999999999923e+00	1.700226e+00	1.701000e+00
1.701999999999923e+00	1.701199e+00	1.702000e+00
1.702999999999923e+00	1.702170e+00	1.703000e+00
1.703999999999923e+00	1.703139e+00	1.704000e+00
1.704999999999923e+00	1.704107e+00	1.705000e+00
1.705999999999923e+00	1.705073e+00	1.706000e+00
1.706999999999923e+00	1.706037e+00	1.707000e+00
1.707999999999923e+00	1.707000e+00	1.708000e+00
1.708999999999923e+00	1.707960e+00	1.709000e+00
1.709999999999922e+00	1.708918e+00	1.710000e+00
1.710999999999922e+00	1.709873e+00	1.711000e+00
1.711999999999922e+00	1.710826e+00	1.712000e+00
1.712999999999922e+00	1.711776e+00	1.713000e+00
1.713999999999922e+00	1.712723e+00	1.714000e+00
1.714999999999922e+00	1.713667e+00	1.715000e+00
1.715999999999922e+00	1.714607e+00	1.716000e+00
1.716999999999922e+00	1.715543e+00	1.717000e+00
1.717999999999922e+00	1.716474e+00	1.718000e+00
1.718999999999921e+00	1.717401e+00	1.719000e+00
1.719999999999921e+00	1.718323e+00	1.720000e+00
1.720999999999921e+00	1.719240e+00	1.721000e+00
1.721999999999921e+00	1.720150e+00	1.722000e+00
1.722999999999921e+00	1.721053e+00	1.723000e+00
1.723999999999921e+00	1.721949e+00	1.724000e+00
1.724999999999921e+00	1.722838e+00	1.725000e+00
1.725999999999921e+00	1.723717e+00	1.726000e+00
1.726999999999921e+00	1.724587e+00	1.727000e+00
1.727999999999920e+00	1.725447e+00	1.728000e+00
1.728999999999920e+00	1.726295e+00	1.729000e+00
1.729999999999920e+00	1.727131e+00	1.730000e+00
1.730999999999920e+00	1.727954e+00	1.731000e+00
1.731999999999920e+00	1.728762e+00	1.732000e+00
1.732999999999920e+00	1.729555e+00	1.733000e+00
1.733999999999920e+00	1.730331e+00	1.734000e+00
1.734999999999920e+00	1.731090e+00	1.735000e+00
1.735999999999920e+00	1.731830e+00	1.736000e+00
1.736999999999919e+00	1.732551e+00	1.737000e+00
1.737999999999919e+00	1.733251e+00	1.738000e+00
1.738999999999919e+00	1.733931e+00	1.739000e+00
1.739999999999919e+00	1.734588e+00	1.740000e+00
1.740999999999919e+00	1.735223e+00	1.741000e+00
1.741999999999919e+00	1.735836e+00	1.742000e+00
1.742999999999919e+00	1.736426e+00	1.743000e+00
1.743999999999919e+00	1.736994e+00	1.744000e+00
1.744999999999919e+00	1.737540e+00	1.745000e+00
1.745999999999919e+00	1.738063e+00	1.746000e+00
1.746999999999918e+00	1.738565e+00	1.747000e+00
1.747999999999918e+00	1.739046e+00	1.748000e+00
1.748999999999918e+00	1.739507e+00	1.749000e+00
1.749999999999918e+00	1.739948e+00	1.750000e+00
1.750999999999918e+00	1.740371e+00	1.751000e+00
1.751999999999918e+00	1.740775e+00	1.752000e+00
1.752999999999918e+00	1.741163e+00	1.753000e+00
1.753999999999918e+00	1.741534e+00	1.754000e+00
1.754999999999918e+00	1.741890e+00	1.755000e+00
1.755999999999917e+00	1.742231e+00	1.756000e+00
1.756999999999917e+00	1.742557e+00	1.757000e+00
1.757999999999917e+00	1.742871e+00	1.758000e+00
1.758999999999917e+00	1.743172e+00	1.759000e+00
1.759999999999917e+00	1.743461e+00	1.760000e+00
1.760999999999917e+00	1.743739e+00	1.761000e+00
1.761999999999917e+00	1.744007e+00	1.762000e+00
1.762999999999917e+00	1.744264e+00	1.763000e+00
1.763999999999917e+00	1.744512e+00	1.764000e+00
1.764999999999916e+00	1.744751e+00	1.765000e+00
1.765999999999916e+00	1.744981e+00	1.766000e+00
1.766999999999916e+00	1.745203e+00	1.767000e+00
1.767999999999916e+00	1.745418e+00	1.768000e+00
1.768999999999916e+00	1.745625e+00	1.769000e+00
1.769999999999916e+00	1.745826e+00	1.770000e+00
1.770999999999916e+00	1.746020e+00	1.771000e+00
1.771999999999916e+00	1.746207e+00	1.772000e+00
1.772999999999916e+00	1.746389e+00	1.773000e+00
1.773999999999915e+00	1.746565e+00	1.774000e+00
1.774999999999915e+00	1.746736e+00	1.775000e+00
1.775999999999915e+00	1.746901e+00	1.776000e+00
1.776999999999915e+00	1.747062e+00	1.777000e+00
1.777999999999915e+00	1.747218e+00	1.778000e+00
1.778999999999915e+00	1.747370e+00	1.779000e+00
1.779999999999915e+00	1.747517e+00	1.780000e+00
1.780999999999915e+00	1.747660e+00	1.781000e+00
1.781999999999915e+00	1.747800e+00	1.782000e+00
1.782999999999914e+00	1.747935e+00	1.783000e+00
1.783999999999914e+00	1.748067e+00	1.784000e+00
1.784999999999914e+00	1.748196e+00	1.785000e+00
1.785999999999914e+00	1.748321e+00	1.786000e+00
1.786999999999914e+00	1.748443e+00	1.787000e+00
1.787999999999914e+00	1.748562e+00	1.788000e+00
1.788999999999914e+00	1.748679e+00	1.789000e+00
1.789999999999914e+00	1.748792e+00	1.790000e+00
1.790999999999914e+00	1.748903e+00	1.791000e+00
1.791999999999913e+00	1.749011e+00	1.792000e+00
1.792999999999913e+00	1.749116e+00	1.793000e+00
1.793999999999913e+00	1.749220e+00	1.794000e+00
1.794999999999913e+00	1.749321e+00	1.795000e+00
1.795999999999913e+00	1.749419e+00	1.796000e+00
1.796999999999913e+00	1.749516e+00	1.797000e+00
1.797999999999913e+00	1.749610e+00	1.798000e+00
1.798999999999913e+00	1.749702e+00	1.799000e+00
1.800000000000000e+00	1.749793e+00	1.800000e+00
