vin	V(out)	V(n003)
0.000000000000000e+00	1.779882e+00	0.000000e+00
1.000000000000000e-03	1.779758e+00	1.000000e-03
2.000000000000000e-03	1.779612e+00	2.000000e-03
3.000000000000000e-03	1.779440e+00	3.000000e-03
4.000000000000000e-03	1.779237e+00	4.000000e-03
5.000000000000000e-03	1.778995e+00	5.000000e-03
6.000000000000000e-03	1.778711e+00	6.000000e-03
7.000000000000000e-03	1.778383e+00	7.000000e-03
8.000000000000000e-03	1.778011e+00	8.000000e-03
9.000000000000001e-03	1.777598e+00	9.000000e-03
1.000000000000000e-02	1.777147e+00	1.000000e-02
1.100000000000000e-02	1.776664e+00	1.100000e-02
1.200000000000000e-02	1.776152e+00	1.200000e-02
1.300000000000000e-02	1.775615e+00	1.300000e-02
1.400000000000001e-02	1.775054e+00	1.400000e-02
1.500000000000001e-02	1.774473e+00	1.500000e-02
1.600000000000001e-02	1.773872e+00	1.600000e-02
1.700000000000001e-02	1.773253e+00	1.700000e-02
1.800000000000001e-02	1.772617e+00	1.800000e-02
1.900000000000001e-02	1.771966e+00	1.900000e-02
2.000000000000001e-02	1.771299e+00	2.000000e-02
2.100000000000001e-02	1.770618e+00	2.100000e-02
2.200000000000001e-02	1.769923e+00	2.200000e-02
2.300000000000001e-02	1.769215e+00	2.300000e-02
2.400000000000001e-02	1.768495e+00	2.400000e-02
2.500000000000002e-02	1.767763e+00	2.500000e-02
2.600000000000002e-02	1.767020e+00	2.600000e-02
2.700000000000002e-02	1.766266e+00	2.700000e-02
2.800000000000002e-02	1.765501e+00	2.800000e-02
2.900000000000002e-02	1.764727e+00	2.900000e-02
3.000000000000002e-02	1.763943e+00	3.000000e-02
3.100000000000002e-02	1.763150e+00	3.100000e-02
3.200000000000002e-02	1.762348e+00	3.200000e-02
3.300000000000002e-02	1.761539e+00	3.300000e-02
3.400000000000002e-02	1.760721e+00	3.400000e-02
3.500000000000002e-02	1.759896e+00	3.500000e-02
3.600000000000003e-02	1.759064e+00	3.600000e-02
3.700000000000003e-02	1.758225e+00	3.700000e-02
3.800000000000003e-02	1.757380e+00	3.800000e-02
3.900000000000003e-02	1.756528e+00	3.900000e-02
4.000000000000003e-02	1.755670e+00	4.000000e-02
4.100000000000003e-02	1.754807e+00	4.100000e-02
4.200000000000003e-02	1.753939e+00	4.200000e-02
4.300000000000003e-02	1.753065e+00	4.300000e-02
4.400000000000003e-02	1.752186e+00	4.400000e-02
4.500000000000003e-02	1.751303e+00	4.500000e-02
4.600000000000003e-02	1.750415e+00	4.600000e-02
4.700000000000003e-02	1.749523e+00	4.700000e-02
4.800000000000004e-02	1.748627e+00	4.800000e-02
4.900000000000004e-02	1.747727e+00	4.900000e-02
5.000000000000004e-02	1.746824e+00	5.000000e-02
5.100000000000004e-02	1.745916e+00	5.100000e-02
5.200000000000004e-02	1.745006e+00	5.200000e-02
5.300000000000004e-02	1.744092e+00	5.300000e-02
5.400000000000004e-02	1.743175e+00	5.400000e-02
5.500000000000004e-02	1.742255e+00	5.500000e-02
5.600000000000004e-02	1.741333e+00	5.600000e-02
5.700000000000004e-02	1.740407e+00	5.700000e-02
5.800000000000004e-02	1.739480e+00	5.800000e-02
5.900000000000005e-02	1.738549e+00	5.900000e-02
6.000000000000005e-02	1.737616e+00	6.000000e-02
6.100000000000005e-02	1.736681e+00	6.100000e-02
6.200000000000005e-02	1.735744e+00	6.200000e-02
6.300000000000004e-02	1.734805e+00	6.300000e-02
6.400000000000004e-02	1.733863e+00	6.400000e-02
6.500000000000004e-02	1.732920e+00	6.500000e-02
6.600000000000004e-02	1.731975e+00	6.600000e-02
6.700000000000005e-02	1.731028e+00	6.700000e-02
6.800000000000005e-02	1.730080e+00	6.800000e-02
6.900000000000005e-02	1.729129e+00	6.900000e-02
7.000000000000005e-02	1.728178e+00	7.000000e-02
7.100000000000005e-02	1.727224e+00	7.100000e-02
7.200000000000005e-02	1.726270e+00	7.200000e-02
7.300000000000005e-02	1.725313e+00	7.300000e-02
7.400000000000005e-02	1.724356e+00	7.400000e-02
7.500000000000005e-02	1.723397e+00	7.500000e-02
7.600000000000005e-02	1.722437e+00	7.600000e-02
7.700000000000005e-02	1.721476e+00	7.700000e-02
7.800000000000006e-02	1.720513e+00	7.800000e-02
7.900000000000006e-02	1.719550e+00	7.900000e-02
8.000000000000006e-02	1.718585e+00	8.000000e-02
8.100000000000006e-02	1.717620e+00	8.100000e-02
8.200000000000006e-02	1.716653e+00	8.200000e-02
8.300000000000006e-02	1.715685e+00	8.300000e-02
8.400000000000006e-02	1.714717e+00	8.400000e-02
8.500000000000006e-02	1.713747e+00	8.500000e-02
8.600000000000006e-02	1.712777e+00	8.600000e-02
8.700000000000006e-02	1.711805e+00	8.700000e-02
8.800000000000006e-02	1.710833e+00	8.800000e-02
8.900000000000007e-02	1.709860e+00	8.900000e-02
9.000000000000007e-02	1.708887e+00	9.000000e-02
9.100000000000007e-02	1.707912e+00	9.100000e-02
9.200000000000007e-02	1.706937e+00	9.200000e-02
9.300000000000007e-02	1.705961e+00	9.300000e-02
9.400000000000007e-02	1.704985e+00	9.400000e-02
9.500000000000007e-02	1.704008e+00	9.500000e-02
9.600000000000007e-02	1.703030e+00	9.600000e-02
9.700000000000007e-02	1.702052e+00	9.700000e-02
9.800000000000007e-02	1.701072e+00	9.800000e-02
9.900000000000007e-02	1.700093e+00	9.900000e-02
1.000000000000001e-01	1.699113e+00	1.000000e-01
1.010000000000001e-01	1.698132e+00	1.010000e-01
1.020000000000001e-01	1.697151e+00	1.020000e-01
1.030000000000001e-01	1.696169e+00	1.030000e-01
1.040000000000001e-01	1.695186e+00	1.040000e-01
1.050000000000001e-01	1.694204e+00	1.050000e-01
1.060000000000001e-01	1.693220e+00	1.060000e-01
1.070000000000001e-01	1.692237e+00	1.070000e-01
1.080000000000001e-01	1.691253e+00	1.080000e-01
1.090000000000001e-01	1.690268e+00	1.090000e-01
1.100000000000001e-01	1.689283e+00	1.100000e-01
1.110000000000001e-01	1.688298e+00	1.110000e-01
1.120000000000001e-01	1.687312e+00	1.120000e-01
1.130000000000001e-01	1.686325e+00	1.130000e-01
1.140000000000001e-01	1.685339e+00	1.140000e-01
1.150000000000001e-01	1.684352e+00	1.150000e-01
1.160000000000001e-01	1.683364e+00	1.160000e-01
1.170000000000001e-01	1.682377e+00	1.170000e-01
1.180000000000001e-01	1.681389e+00	1.180000e-01
1.190000000000001e-01	1.680400e+00	1.190000e-01
1.200000000000001e-01	1.679412e+00	1.200000e-01
1.210000000000001e-01	1.678423e+00	1.210000e-01
1.220000000000001e-01	1.677433e+00	1.220000e-01
1.230000000000001e-01	1.676444e+00	1.230000e-01
1.240000000000001e-01	1.675454e+00	1.240000e-01
1.250000000000001e-01	1.674464e+00	1.250000e-01
1.260000000000001e-01	1.673473e+00	1.260000e-01
1.270000000000001e-01	1.672482e+00	1.270000e-01
1.280000000000001e-01	1.671491e+00	1.280000e-01
1.290000000000001e-01	1.670500e+00	1.290000e-01
1.300000000000001e-01	1.669509e+00	1.300000e-01
1.310000000000001e-01	1.668517e+00	1.310000e-01
1.320000000000001e-01	1.667525e+00	1.320000e-01
1.330000000000001e-01	1.666533e+00	1.330000e-01
1.340000000000001e-01	1.665540e+00	1.340000e-01
1.350000000000001e-01	1.664548e+00	1.350000e-01
1.360000000000001e-01	1.663555e+00	1.360000e-01
1.370000000000001e-01	1.662562e+00	1.370000e-01
1.380000000000001e-01	1.661569e+00	1.380000e-01
1.390000000000001e-01	1.660575e+00	1.390000e-01
1.400000000000001e-01	1.659582e+00	1.400000e-01
1.410000000000001e-01	1.658588e+00	1.410000e-01
1.420000000000001e-01	1.657594e+00	1.420000e-01
1.430000000000001e-01	1.656600e+00	1.430000e-01
1.440000000000001e-01	1.655605e+00	1.440000e-01
1.450000000000001e-01	1.654611e+00	1.450000e-01
1.460000000000001e-01	1.653616e+00	1.460000e-01
1.470000000000001e-01	1.652622e+00	1.470000e-01
1.480000000000001e-01	1.651627e+00	1.480000e-01
1.490000000000001e-01	1.650631e+00	1.490000e-01
1.500000000000001e-01	1.649636e+00	1.500000e-01
1.510000000000001e-01	1.648641e+00	1.510000e-01
1.520000000000001e-01	1.647645e+00	1.520000e-01
1.530000000000001e-01	1.646650e+00	1.530000e-01
1.540000000000001e-01	1.645654e+00	1.540000e-01
1.550000000000001e-01	1.644658e+00	1.550000e-01
1.560000000000001e-01	1.643662e+00	1.560000e-01
1.570000000000001e-01	1.642666e+00	1.570000e-01
1.580000000000001e-01	1.641670e+00	1.580000e-01
1.590000000000001e-01	1.640674e+00	1.590000e-01
1.600000000000001e-01	1.639677e+00	1.600000e-01
1.610000000000001e-01	1.638681e+00	1.610000e-01
1.620000000000001e-01	1.637684e+00	1.620000e-01
1.630000000000001e-01	1.636687e+00	1.630000e-01
1.640000000000001e-01	1.635690e+00	1.640000e-01
1.650000000000001e-01	1.634694e+00	1.650000e-01
1.660000000000001e-01	1.633696e+00	1.660000e-01
1.670000000000001e-01	1.632699e+00	1.670000e-01
1.680000000000001e-01	1.631702e+00	1.680000e-01
1.690000000000001e-01	1.630705e+00	1.690000e-01
1.700000000000001e-01	1.629708e+00	1.700000e-01
1.710000000000001e-01	1.628710e+00	1.710000e-01
1.720000000000001e-01	1.627713e+00	1.720000e-01
1.730000000000001e-01	1.626715e+00	1.730000e-01
1.740000000000001e-01	1.625718e+00	1.740000e-01
1.750000000000001e-01	1.624720e+00	1.750000e-01
1.760000000000001e-01	1.623722e+00	1.760000e-01
1.770000000000001e-01	1.622725e+00	1.770000e-01
1.780000000000001e-01	1.621727e+00	1.780000e-01
1.790000000000001e-01	1.620729e+00	1.790000e-01
1.800000000000001e-01	1.619731e+00	1.800000e-01
1.810000000000001e-01	1.618733e+00	1.810000e-01
1.820000000000001e-01	1.617735e+00	1.820000e-01
1.830000000000001e-01	1.616737e+00	1.830000e-01
1.840000000000001e-01	1.615738e+00	1.840000e-01
1.850000000000001e-01	1.614740e+00	1.850000e-01
1.860000000000001e-01	1.613742e+00	1.860000e-01
1.870000000000001e-01	1.612744e+00	1.870000e-01
1.880000000000001e-01	1.611745e+00	1.880000e-01
1.890000000000001e-01	1.610747e+00	1.890000e-01
1.900000000000001e-01	1.609748e+00	1.900000e-01
1.910000000000001e-01	1.608750e+00	1.910000e-01
1.920000000000001e-01	1.607751e+00	1.920000e-01
1.930000000000001e-01	1.606753e+00	1.930000e-01
1.940000000000001e-01	1.605754e+00	1.940000e-01
1.950000000000001e-01	1.604756e+00	1.950000e-01
1.960000000000001e-01	1.603757e+00	1.960000e-01
1.970000000000001e-01	1.602758e+00	1.970000e-01
1.980000000000001e-01	1.601760e+00	1.980000e-01
1.990000000000001e-01	1.600761e+00	1.990000e-01
2.000000000000001e-01	1.599762e+00	2.000000e-01
2.010000000000002e-01	1.598763e+00	2.010000e-01
2.020000000000002e-01	1.597764e+00	2.020000e-01
2.030000000000002e-01	1.596766e+00	2.030000e-01
2.040000000000002e-01	1.595767e+00	2.040000e-01
2.050000000000002e-01	1.594768e+00	2.050000e-01
2.060000000000002e-01	1.593769e+00	2.060000e-01
2.070000000000002e-01	1.592770e+00	2.070000e-01
2.080000000000002e-01	1.591771e+00	2.080000e-01
2.090000000000002e-01	1.590772e+00	2.090000e-01
2.100000000000002e-01	1.589773e+00	2.100000e-01
2.110000000000002e-01	1.588774e+00	2.110000e-01
2.120000000000002e-01	1.587775e+00	2.120000e-01
2.130000000000002e-01	1.586776e+00	2.130000e-01
2.140000000000002e-01	1.585777e+00	2.140000e-01
2.150000000000002e-01	1.584778e+00	2.150000e-01
2.160000000000002e-01	1.583779e+00	2.160000e-01
2.170000000000002e-01	1.582780e+00	2.170000e-01
2.180000000000002e-01	1.581780e+00	2.180000e-01
2.190000000000002e-01	1.580781e+00	2.190000e-01
2.200000000000002e-01	1.579782e+00	2.200000e-01
2.210000000000002e-01	1.578783e+00	2.210000e-01
2.220000000000002e-01	1.577784e+00	2.220000e-01
2.230000000000002e-01	1.576784e+00	2.230000e-01
2.240000000000002e-01	1.575785e+00	2.240000e-01
2.250000000000002e-01	1.574786e+00	2.250000e-01
2.260000000000002e-01	1.573787e+00	2.260000e-01
2.270000000000002e-01	1.572787e+00	2.270000e-01
2.280000000000002e-01	1.571788e+00	2.280000e-01
2.290000000000002e-01	1.570789e+00	2.290000e-01
2.300000000000002e-01	1.569789e+00	2.300000e-01
2.310000000000002e-01	1.568790e+00	2.310000e-01
2.320000000000002e-01	1.567791e+00	2.320000e-01
2.330000000000002e-01	1.566791e+00	2.330000e-01
2.340000000000002e-01	1.565792e+00	2.340000e-01
2.350000000000002e-01	1.564793e+00	2.350000e-01
2.360000000000002e-01	1.563793e+00	2.360000e-01
2.370000000000002e-01	1.562794e+00	2.370000e-01
2.380000000000002e-01	1.561795e+00	2.380000e-01
2.390000000000002e-01	1.560795e+00	2.390000e-01
2.400000000000002e-01	1.559796e+00	2.400000e-01
2.410000000000002e-01	1.558796e+00	2.410000e-01
2.420000000000002e-01	1.557797e+00	2.420000e-01
2.430000000000002e-01	1.556798e+00	2.430000e-01
2.440000000000002e-01	1.555798e+00	2.440000e-01
2.450000000000002e-01	1.554799e+00	2.450000e-01
2.460000000000002e-01	1.553799e+00	2.460000e-01
2.470000000000002e-01	1.552800e+00	2.470000e-01
2.480000000000002e-01	1.551800e+00	2.480000e-01
2.490000000000002e-01	1.550801e+00	2.490000e-01
2.500000000000002e-01	1.549801e+00	2.500000e-01
2.510000000000002e-01	1.548802e+00	2.510000e-01
2.520000000000002e-01	1.547802e+00	2.520000e-01
2.530000000000002e-01	1.546803e+00	2.530000e-01
2.540000000000002e-01	1.545803e+00	2.540000e-01
2.550000000000002e-01	1.544804e+00	2.550000e-01
2.560000000000002e-01	1.543804e+00	2.560000e-01
2.570000000000002e-01	1.542805e+00	2.570000e-01
2.580000000000002e-01	1.541805e+00	2.580000e-01
2.590000000000002e-01	1.540806e+00	2.590000e-01
2.600000000000002e-01	1.539806e+00	2.600000e-01
2.610000000000002e-01	1.538807e+00	2.610000e-01
2.620000000000002e-01	1.537807e+00	2.620000e-01
2.630000000000002e-01	1.536808e+00	2.630000e-01
2.640000000000002e-01	1.535808e+00	2.640000e-01
2.650000000000002e-01	1.534808e+00	2.650000e-01
2.660000000000002e-01	1.533809e+00	2.660000e-01
2.670000000000002e-01	1.532809e+00	2.670000e-01
2.680000000000002e-01	1.531810e+00	2.680000e-01
2.690000000000002e-01	1.530810e+00	2.690000e-01
2.700000000000002e-01	1.529811e+00	2.700000e-01
2.710000000000002e-01	1.528811e+00	2.710000e-01
2.720000000000002e-01	1.527811e+00	2.720000e-01
2.730000000000002e-01	1.526812e+00	2.730000e-01
2.740000000000002e-01	1.525812e+00	2.740000e-01
2.750000000000002e-01	1.524813e+00	2.750000e-01
2.760000000000002e-01	1.523813e+00	2.760000e-01
2.770000000000002e-01	1.522813e+00	2.770000e-01
2.780000000000002e-01	1.521814e+00	2.780000e-01
2.790000000000002e-01	1.520814e+00	2.790000e-01
2.800000000000002e-01	1.519815e+00	2.800000e-01
2.810000000000002e-01	1.518815e+00	2.810000e-01
2.820000000000002e-01	1.517815e+00	2.820000e-01
2.830000000000002e-01	1.516816e+00	2.830000e-01
2.840000000000002e-01	1.515816e+00	2.840000e-01
2.850000000000002e-01	1.514817e+00	2.850000e-01
2.860000000000002e-01	1.513817e+00	2.860000e-01
2.870000000000002e-01	1.512817e+00	2.870000e-01
2.880000000000002e-01	1.511818e+00	2.880000e-01
2.890000000000002e-01	1.510818e+00	2.890000e-01
2.900000000000002e-01	1.509819e+00	2.900000e-01
2.910000000000002e-01	1.508819e+00	2.910000e-01
2.920000000000002e-01	1.507819e+00	2.920000e-01
2.930000000000002e-01	1.506820e+00	2.930000e-01
2.940000000000002e-01	1.505820e+00	2.940000e-01
2.950000000000002e-01	1.504820e+00	2.950000e-01
2.960000000000002e-01	1.503821e+00	2.960000e-01
2.970000000000002e-01	1.502821e+00	2.970000e-01
2.980000000000002e-01	1.501821e+00	2.980000e-01
2.990000000000002e-01	1.500822e+00	2.990000e-01
3.000000000000002e-01	1.499822e+00	3.000000e-01
3.010000000000002e-01	1.498822e+00	3.010000e-01
3.020000000000002e-01	1.497823e+00	3.020000e-01
3.030000000000002e-01	1.496823e+00	3.030000e-01
3.040000000000002e-01	1.495824e+00	3.040000e-01
3.050000000000002e-01	1.494824e+00	3.050000e-01
3.060000000000002e-01	1.493824e+00	3.060000e-01
3.070000000000002e-01	1.492824e+00	3.070000e-01
3.080000000000002e-01	1.491825e+00	3.080000e-01
3.090000000000002e-01	1.490825e+00	3.090000e-01
3.100000000000002e-01	1.489825e+00	3.100000e-01
3.110000000000002e-01	1.488826e+00	3.110000e-01
3.120000000000002e-01	1.487826e+00	3.120000e-01
3.130000000000002e-01	1.486827e+00	3.130000e-01
3.140000000000002e-01	1.485827e+00	3.140000e-01
3.150000000000002e-01	1.484827e+00	3.150000e-01
3.160000000000002e-01	1.483827e+00	3.160000e-01
3.170000000000002e-01	1.482828e+00	3.170000e-01
3.180000000000002e-01	1.481828e+00	3.180000e-01
3.190000000000002e-01	1.480828e+00	3.190000e-01
3.200000000000002e-01	1.479829e+00	3.200000e-01
3.210000000000002e-01	1.478829e+00	3.210000e-01
3.220000000000002e-01	1.477829e+00	3.220000e-01
3.230000000000002e-01	1.476830e+00	3.230000e-01
3.240000000000002e-01	1.475830e+00	3.240000e-01
3.250000000000002e-01	1.474830e+00	3.250000e-01
3.260000000000002e-01	1.473831e+00	3.260000e-01
3.270000000000002e-01	1.472831e+00	3.270000e-01
3.280000000000002e-01	1.471831e+00	3.280000e-01
3.290000000000002e-01	1.470832e+00	3.290000e-01
3.300000000000002e-01	1.469832e+00	3.300000e-01
3.310000000000002e-01	1.468832e+00	3.310000e-01
3.320000000000002e-01	1.467833e+00	3.320000e-01
3.330000000000002e-01	1.466833e+00	3.330000e-01
3.340000000000002e-01	1.465833e+00	3.340000e-01
3.350000000000002e-01	1.464833e+00	3.350000e-01
3.360000000000002e-01	1.463834e+00	3.360000e-01
3.370000000000002e-01	1.462834e+00	3.370000e-01
3.380000000000002e-01	1.461834e+00	3.380000e-01
3.390000000000002e-01	1.460835e+00	3.390000e-01
3.400000000000002e-01	1.459835e+00	3.400000e-01
3.410000000000002e-01	1.458835e+00	3.410000e-01
3.420000000000002e-01	1.457836e+00	3.420000e-01
3.430000000000002e-01	1.456836e+00	3.430000e-01
3.440000000000003e-01	1.455836e+00	3.440000e-01
3.450000000000003e-01	1.454836e+00	3.450000e-01
3.460000000000003e-01	1.453837e+00	3.460000e-01
3.470000000000003e-01	1.452837e+00	3.470000e-01
3.480000000000003e-01	1.451837e+00	3.480000e-01
3.490000000000003e-01	1.450838e+00	3.490000e-01
3.500000000000003e-01	1.449838e+00	3.500000e-01
3.510000000000003e-01	1.448838e+00	3.510000e-01
3.520000000000003e-01	1.447839e+00	3.520000e-01
3.530000000000003e-01	1.446839e+00	3.530000e-01
3.540000000000003e-01	1.445839e+00	3.540000e-01
3.550000000000003e-01	1.444839e+00	3.550000e-01
3.560000000000003e-01	1.443840e+00	3.560000e-01
3.570000000000003e-01	1.442840e+00	3.570000e-01
3.580000000000003e-01	1.441840e+00	3.580000e-01
3.590000000000003e-01	1.440840e+00	3.590000e-01
3.600000000000003e-01	1.439841e+00	3.600000e-01
3.610000000000003e-01	1.438841e+00	3.610000e-01
3.620000000000003e-01	1.437841e+00	3.620000e-01
3.630000000000003e-01	1.436842e+00	3.630000e-01
3.640000000000003e-01	1.435842e+00	3.640000e-01
3.650000000000003e-01	1.434842e+00	3.650000e-01
3.660000000000003e-01	1.433843e+00	3.660000e-01
3.670000000000003e-01	1.432843e+00	3.670000e-01
3.680000000000003e-01	1.431843e+00	3.680000e-01
3.690000000000003e-01	1.430843e+00	3.690000e-01
3.700000000000003e-01	1.429844e+00	3.700000e-01
3.710000000000003e-01	1.428844e+00	3.710000e-01
3.720000000000003e-01	1.427844e+00	3.720000e-01
3.730000000000003e-01	1.426844e+00	3.730000e-01
3.740000000000003e-01	1.425845e+00	3.740000e-01
3.750000000000003e-01	1.424845e+00	3.750000e-01
3.760000000000003e-01	1.423845e+00	3.760000e-01
3.770000000000003e-01	1.422846e+00	3.770000e-01
3.780000000000003e-01	1.421846e+00	3.780000e-01
3.790000000000003e-01	1.420846e+00	3.790000e-01
3.800000000000003e-01	1.419846e+00	3.800000e-01
3.810000000000003e-01	1.418847e+00	3.810000e-01
3.820000000000003e-01	1.417847e+00	3.820000e-01
3.830000000000003e-01	1.416847e+00	3.830000e-01
3.840000000000003e-01	1.415848e+00	3.840000e-01
3.850000000000003e-01	1.414848e+00	3.850000e-01
3.860000000000003e-01	1.413848e+00	3.860000e-01
3.870000000000003e-01	1.412848e+00	3.870000e-01
3.880000000000003e-01	1.411849e+00	3.880000e-01
3.890000000000003e-01	1.410849e+00	3.890000e-01
3.900000000000003e-01	1.409849e+00	3.900000e-01
3.910000000000003e-01	1.408849e+00	3.910000e-01
3.920000000000003e-01	1.407850e+00	3.920000e-01
3.930000000000003e-01	1.406850e+00	3.930000e-01
3.940000000000003e-01	1.405850e+00	3.940000e-01
3.950000000000003e-01	1.404851e+00	3.950000e-01
3.960000000000003e-01	1.403851e+00	3.960000e-01
3.970000000000003e-01	1.402851e+00	3.970000e-01
3.980000000000003e-01	1.401851e+00	3.980000e-01
3.990000000000003e-01	1.400852e+00	3.990000e-01
4.000000000000003e-01	1.399852e+00	4.000000e-01
4.010000000000003e-01	1.398852e+00	4.010000e-01
4.020000000000003e-01	1.397852e+00	4.020000e-01
4.030000000000003e-01	1.396853e+00	4.030000e-01
4.040000000000003e-01	1.395853e+00	4.040000e-01
4.050000000000003e-01	1.394853e+00	4.050000e-01
4.060000000000003e-01	1.393854e+00	4.060000e-01
4.070000000000003e-01	1.392854e+00	4.070000e-01
4.080000000000003e-01	1.391854e+00	4.080000e-01
4.090000000000003e-01	1.390854e+00	4.090000e-01
4.100000000000003e-01	1.389855e+00	4.100000e-01
4.110000000000003e-01	1.388855e+00	4.110000e-01
4.120000000000003e-01	1.387855e+00	4.120000e-01
4.130000000000003e-01	1.386855e+00	4.130000e-01
4.140000000000003e-01	1.385856e+00	4.140000e-01
4.150000000000003e-01	1.384856e+00	4.150000e-01
4.160000000000003e-01	1.383856e+00	4.160000e-01
4.170000000000003e-01	1.382856e+00	4.170000e-01
4.180000000000003e-01	1.381857e+00	4.180000e-01
4.190000000000003e-01	1.380857e+00	4.190000e-01
4.200000000000003e-01	1.379857e+00	4.200000e-01
4.210000000000003e-01	1.378857e+00	4.210000e-01
4.220000000000003e-01	1.377858e+00	4.220000e-01
4.230000000000003e-01	1.376858e+00	4.230000e-01
4.240000000000003e-01	1.375858e+00	4.240000e-01
4.250000000000003e-01	1.374858e+00	4.250000e-01
4.260000000000003e-01	1.373859e+00	4.260000e-01
4.270000000000003e-01	1.372859e+00	4.270000e-01
4.280000000000003e-01	1.371859e+00	4.280000e-01
4.290000000000003e-01	1.370860e+00	4.290000e-01
4.300000000000003e-01	1.369860e+00	4.300000e-01
4.310000000000003e-01	1.368860e+00	4.310000e-01
4.320000000000003e-01	1.367860e+00	4.320000e-01
4.330000000000003e-01	1.366861e+00	4.330000e-01
4.340000000000003e-01	1.365861e+00	4.340000e-01
4.350000000000003e-01	1.364861e+00	4.350000e-01
4.360000000000003e-01	1.363861e+00	4.360000e-01
4.370000000000003e-01	1.362862e+00	4.370000e-01
4.380000000000003e-01	1.361862e+00	4.380000e-01
4.390000000000003e-01	1.360862e+00	4.390000e-01
4.400000000000003e-01	1.359862e+00	4.400000e-01
4.410000000000003e-01	1.358863e+00	4.410000e-01
4.420000000000003e-01	1.357863e+00	4.420000e-01
4.430000000000003e-01	1.356863e+00	4.430000e-01
4.440000000000003e-01	1.355864e+00	4.440000e-01
4.450000000000003e-01	1.354864e+00	4.450000e-01
4.460000000000003e-01	1.353864e+00	4.460000e-01
4.470000000000003e-01	1.352864e+00	4.470000e-01
4.480000000000003e-01	1.351865e+00	4.480000e-01
4.490000000000003e-01	1.350865e+00	4.490000e-01
4.500000000000003e-01	1.349865e+00	4.500000e-01
4.510000000000003e-01	1.348865e+00	4.510000e-01
4.520000000000003e-01	1.347866e+00	4.520000e-01
4.530000000000003e-01	1.346866e+00	4.530000e-01
4.540000000000003e-01	1.345866e+00	4.540000e-01
4.550000000000003e-01	1.344866e+00	4.550000e-01
4.560000000000003e-01	1.343867e+00	4.560000e-01
4.570000000000004e-01	1.342867e+00	4.570000e-01
4.580000000000004e-01	1.341867e+00	4.580000e-01
4.590000000000004e-01	1.340867e+00	4.590000e-01
4.600000000000004e-01	1.339868e+00	4.600000e-01
4.610000000000004e-01	1.338868e+00	4.610000e-01
4.620000000000004e-01	1.337868e+00	4.620000e-01
4.630000000000004e-01	1.336868e+00	4.630000e-01
4.640000000000004e-01	1.335869e+00	4.640000e-01
4.650000000000004e-01	1.334869e+00	4.650000e-01
4.660000000000004e-01	1.333869e+00	4.660000e-01
4.670000000000004e-01	1.332869e+00	4.670000e-01
4.680000000000004e-01	1.331870e+00	4.680000e-01
4.690000000000004e-01	1.330870e+00	4.690000e-01
4.700000000000004e-01	1.329870e+00	4.700000e-01
4.710000000000004e-01	1.328870e+00	4.710000e-01
4.720000000000004e-01	1.327871e+00	4.720000e-01
4.730000000000004e-01	1.326871e+00	4.730000e-01
4.740000000000004e-01	1.325871e+00	4.740000e-01
4.750000000000004e-01	1.324871e+00	4.750000e-01
4.760000000000004e-01	1.323872e+00	4.760000e-01
4.770000000000004e-01	1.322872e+00	4.770000e-01
4.780000000000004e-01	1.321872e+00	4.780000e-01
4.790000000000004e-01	1.320873e+00	4.790000e-01
4.800000000000004e-01	1.319873e+00	4.800000e-01
4.810000000000004e-01	1.318873e+00	4.810000e-01
4.820000000000004e-01	1.317873e+00	4.820000e-01
4.830000000000004e-01	1.316874e+00	4.830000e-01
4.840000000000004e-01	1.315874e+00	4.840000e-01
4.850000000000004e-01	1.314874e+00	4.850000e-01
4.860000000000004e-01	1.313874e+00	4.860000e-01
4.870000000000004e-01	1.312875e+00	4.870000e-01
4.880000000000004e-01	1.311875e+00	4.880000e-01
4.890000000000004e-01	1.310875e+00	4.890000e-01
4.900000000000004e-01	1.309875e+00	4.900000e-01
4.910000000000004e-01	1.308876e+00	4.910000e-01
4.920000000000004e-01	1.307876e+00	4.920000e-01
4.930000000000004e-01	1.306876e+00	4.930000e-01
4.940000000000004e-01	1.305876e+00	4.940000e-01
4.950000000000004e-01	1.304877e+00	4.950000e-01
4.960000000000004e-01	1.303877e+00	4.960000e-01
4.970000000000004e-01	1.302877e+00	4.970000e-01
4.980000000000004e-01	1.301877e+00	4.980000e-01
4.990000000000004e-01	1.300878e+00	4.990000e-01
5.000000000000003e-01	1.299878e+00	5.000000e-01
5.010000000000003e-01	1.298878e+00	5.010000e-01
5.020000000000003e-01	1.297878e+00	5.020000e-01
5.030000000000003e-01	1.296879e+00	5.030000e-01
5.040000000000003e-01	1.295879e+00	5.040000e-01
5.050000000000003e-01	1.294879e+00	5.050000e-01
5.060000000000003e-01	1.293879e+00	5.060000e-01
5.070000000000003e-01	1.292880e+00	5.070000e-01
5.080000000000003e-01	1.291880e+00	5.080000e-01
5.090000000000003e-01	1.290880e+00	5.090000e-01
5.100000000000003e-01	1.289880e+00	5.100000e-01
5.110000000000003e-01	1.288881e+00	5.110000e-01
5.120000000000003e-01	1.287881e+00	5.120000e-01
5.130000000000003e-01	1.286881e+00	5.130000e-01
5.140000000000003e-01	1.285881e+00	5.140000e-01
5.150000000000003e-01	1.284882e+00	5.150000e-01
5.160000000000003e-01	1.283882e+00	5.160000e-01
5.170000000000003e-01	1.282882e+00	5.170000e-01
5.180000000000003e-01	1.281882e+00	5.180000e-01
5.190000000000003e-01	1.280883e+00	5.190000e-01
5.200000000000004e-01	1.279883e+00	5.200000e-01
5.210000000000004e-01	1.278883e+00	5.210000e-01
5.220000000000004e-01	1.277883e+00	5.220000e-01
5.230000000000004e-01	1.276884e+00	5.230000e-01
5.240000000000004e-01	1.275884e+00	5.240000e-01
5.250000000000004e-01	1.274884e+00	5.250000e-01
5.260000000000004e-01	1.273884e+00	5.260000e-01
5.270000000000004e-01	1.272885e+00	5.270000e-01
5.280000000000004e-01	1.271885e+00	5.280000e-01
5.290000000000004e-01	1.270885e+00	5.290000e-01
5.300000000000004e-01	1.269885e+00	5.300000e-01
5.310000000000004e-01	1.268886e+00	5.310000e-01
5.320000000000004e-01	1.267886e+00	5.320000e-01
5.330000000000004e-01	1.266886e+00	5.330000e-01
5.340000000000004e-01	1.265886e+00	5.340000e-01
5.350000000000004e-01	1.264887e+00	5.350000e-01
5.360000000000004e-01	1.263887e+00	5.360000e-01
5.370000000000004e-01	1.262887e+00	5.370000e-01
5.380000000000004e-01	1.261887e+00	5.380000e-01
5.390000000000004e-01	1.260888e+00	5.390000e-01
5.400000000000004e-01	1.259888e+00	5.400000e-01
5.410000000000004e-01	1.258888e+00	5.410000e-01
5.420000000000004e-01	1.257888e+00	5.420000e-01
5.430000000000004e-01	1.256889e+00	5.430000e-01
5.440000000000004e-01	1.255889e+00	5.440000e-01
5.450000000000004e-01	1.254889e+00	5.450000e-01
5.460000000000004e-01	1.253889e+00	5.460000e-01
5.470000000000004e-01	1.252890e+00	5.470000e-01
5.480000000000004e-01	1.251890e+00	5.480000e-01
5.490000000000004e-01	1.250890e+00	5.490000e-01
5.500000000000004e-01	1.249890e+00	5.500000e-01
5.510000000000004e-01	1.248891e+00	5.510000e-01
5.520000000000004e-01	1.247891e+00	5.520000e-01
5.530000000000004e-01	1.246891e+00	5.530000e-01
5.540000000000004e-01	1.245891e+00	5.540000e-01
5.550000000000004e-01	1.244892e+00	5.550000e-01
5.560000000000004e-01	1.243892e+00	5.560000e-01
5.570000000000004e-01	1.242892e+00	5.570000e-01
5.580000000000004e-01	1.241892e+00	5.580000e-01
5.590000000000004e-01	1.240893e+00	5.590000e-01
5.600000000000004e-01	1.239893e+00	5.600000e-01
5.610000000000004e-01	1.238893e+00	5.610000e-01
5.620000000000004e-01	1.237893e+00	5.620000e-01
5.630000000000004e-01	1.236894e+00	5.630000e-01
5.640000000000004e-01	1.235894e+00	5.640000e-01
5.650000000000004e-01	1.234894e+00	5.650000e-01
5.660000000000004e-01	1.233894e+00	5.660000e-01
5.670000000000004e-01	1.232895e+00	5.670000e-01
5.680000000000004e-01	1.231895e+00	5.680000e-01
5.690000000000004e-01	1.230895e+00	5.690000e-01
5.700000000000004e-01	1.229895e+00	5.700000e-01
5.710000000000004e-01	1.228896e+00	5.710000e-01
5.720000000000004e-01	1.227896e+00	5.720000e-01
5.730000000000004e-01	1.226896e+00	5.730000e-01
5.740000000000004e-01	1.225896e+00	5.740000e-01
5.750000000000004e-01	1.224897e+00	5.750000e-01
5.760000000000004e-01	1.223897e+00	5.760000e-01
5.770000000000004e-01	1.222897e+00	5.770000e-01
5.780000000000004e-01	1.221897e+00	5.780000e-01
5.790000000000004e-01	1.220897e+00	5.790000e-01
5.800000000000004e-01	1.219898e+00	5.800000e-01
5.810000000000004e-01	1.218898e+00	5.810000e-01
5.820000000000004e-01	1.217898e+00	5.820000e-01
5.830000000000004e-01	1.216898e+00	5.830000e-01
5.840000000000004e-01	1.215899e+00	5.840000e-01
5.850000000000004e-01	1.214899e+00	5.850000e-01
5.860000000000004e-01	1.213899e+00	5.860000e-01
5.870000000000004e-01	1.212899e+00	5.870000e-01
5.880000000000004e-01	1.211900e+00	5.880000e-01
5.890000000000004e-01	1.210900e+00	5.890000e-01
5.900000000000004e-01	1.209900e+00	5.900000e-01
5.910000000000004e-01	1.208900e+00	5.910000e-01
5.920000000000004e-01	1.207901e+00	5.920000e-01
5.930000000000004e-01	1.206901e+00	5.930000e-01
5.940000000000004e-01	1.205901e+00	5.940000e-01
5.950000000000004e-01	1.204901e+00	5.950000e-01
5.960000000000004e-01	1.203902e+00	5.960000e-01
5.970000000000004e-01	1.202902e+00	5.970000e-01
5.980000000000004e-01	1.201902e+00	5.980000e-01
5.990000000000004e-01	1.200902e+00	5.990000e-01
6.000000000000004e-01	1.199903e+00	6.000000e-01
6.010000000000004e-01	1.198903e+00	6.010000e-01
6.020000000000004e-01	1.197903e+00	6.020000e-01
6.030000000000004e-01	1.196903e+00	6.030000e-01
6.040000000000004e-01	1.195904e+00	6.040000e-01
6.050000000000004e-01	1.194904e+00	6.050000e-01
6.060000000000004e-01	1.193904e+00	6.060000e-01
6.070000000000004e-01	1.192904e+00	6.070000e-01
6.080000000000004e-01	1.191905e+00	6.080000e-01
6.090000000000004e-01	1.190905e+00	6.090000e-01
6.100000000000004e-01	1.189905e+00	6.100000e-01
6.110000000000004e-01	1.188905e+00	6.110000e-01
6.120000000000004e-01	1.187906e+00	6.120000e-01
6.130000000000004e-01	1.186906e+00	6.130000e-01
6.140000000000004e-01	1.185906e+00	6.140000e-01
6.150000000000004e-01	1.184906e+00	6.150000e-01
6.160000000000004e-01	1.183907e+00	6.160000e-01
6.170000000000004e-01	1.182907e+00	6.170000e-01
6.180000000000004e-01	1.181907e+00	6.180000e-01
6.190000000000004e-01	1.180907e+00	6.190000e-01
6.200000000000004e-01	1.179908e+00	6.200000e-01
6.210000000000004e-01	1.178908e+00	6.210000e-01
6.220000000000004e-01	1.177908e+00	6.220000e-01
6.230000000000004e-01	1.176908e+00	6.230000e-01
6.240000000000004e-01	1.175909e+00	6.240000e-01
6.250000000000004e-01	1.174909e+00	6.250000e-01
6.260000000000004e-01	1.173909e+00	6.260000e-01
6.270000000000004e-01	1.172909e+00	6.270000e-01
6.280000000000004e-01	1.171910e+00	6.280000e-01
6.290000000000004e-01	1.170910e+00	6.290000e-01
6.300000000000004e-01	1.169910e+00	6.300000e-01
6.310000000000004e-01	1.168910e+00	6.310000e-01
6.320000000000005e-01	1.167910e+00	6.320000e-01
6.330000000000005e-01	1.166911e+00	6.330000e-01
6.340000000000005e-01	1.165911e+00	6.340000e-01
6.350000000000005e-01	1.164911e+00	6.350000e-01
6.360000000000005e-01	1.163911e+00	6.360000e-01
6.370000000000005e-01	1.162912e+00	6.370000e-01
6.380000000000005e-01	1.161912e+00	6.380000e-01
6.390000000000005e-01	1.160912e+00	6.390000e-01
6.400000000000005e-01	1.159912e+00	6.400000e-01
6.410000000000005e-01	1.158913e+00	6.410000e-01
6.420000000000005e-01	1.157913e+00	6.420000e-01
6.430000000000005e-01	1.156913e+00	6.430000e-01
6.440000000000005e-01	1.155913e+00	6.440000e-01
6.450000000000005e-01	1.154914e+00	6.450000e-01
6.460000000000005e-01	1.153914e+00	6.460000e-01
6.470000000000005e-01	1.152914e+00	6.470000e-01
6.480000000000005e-01	1.151914e+00	6.480000e-01
6.490000000000005e-01	1.150915e+00	6.490000e-01
6.500000000000005e-01	1.149915e+00	6.500000e-01
6.510000000000005e-01	1.148915e+00	6.510000e-01
6.520000000000005e-01	1.147915e+00	6.520000e-01
6.530000000000005e-01	1.146916e+00	6.530000e-01
6.540000000000005e-01	1.145916e+00	6.540000e-01
6.550000000000005e-01	1.144916e+00	6.550000e-01
6.560000000000005e-01	1.143916e+00	6.560000e-01
6.570000000000005e-01	1.142917e+00	6.570000e-01
6.580000000000005e-01	1.141917e+00	6.580000e-01
6.590000000000005e-01	1.140917e+00	6.590000e-01
6.600000000000005e-01	1.139917e+00	6.600000e-01
6.610000000000005e-01	1.138918e+00	6.610000e-01
6.620000000000005e-01	1.137918e+00	6.620000e-01
6.630000000000005e-01	1.136918e+00	6.630000e-01
6.640000000000005e-01	1.135918e+00	6.640000e-01
6.650000000000005e-01	1.134919e+00	6.650000e-01
6.660000000000005e-01	1.133919e+00	6.660000e-01
6.670000000000005e-01	1.132919e+00	6.670000e-01
6.680000000000005e-01	1.131919e+00	6.680000e-01
6.690000000000005e-01	1.130920e+00	6.690000e-01
6.700000000000005e-01	1.129920e+00	6.700000e-01
6.710000000000005e-01	1.128920e+00	6.710000e-01
6.720000000000005e-01	1.127920e+00	6.720000e-01
6.730000000000005e-01	1.126921e+00	6.730000e-01
6.740000000000005e-01	1.125921e+00	6.740000e-01
6.750000000000005e-01	1.124921e+00	6.750000e-01
6.760000000000005e-01	1.123921e+00	6.760000e-01
6.770000000000005e-01	1.122921e+00	6.770000e-01
6.780000000000005e-01	1.121922e+00	6.780000e-01
6.790000000000005e-01	1.120922e+00	6.790000e-01
6.800000000000005e-01	1.119922e+00	6.800000e-01
6.810000000000005e-01	1.118922e+00	6.810000e-01
6.820000000000005e-01	1.117923e+00	6.820000e-01
6.830000000000005e-01	1.116923e+00	6.830000e-01
6.840000000000005e-01	1.115923e+00	6.840000e-01
6.850000000000005e-01	1.114923e+00	6.850000e-01
6.860000000000005e-01	1.113924e+00	6.860000e-01
6.870000000000005e-01	1.112924e+00	6.870000e-01
6.880000000000005e-01	1.111924e+00	6.880000e-01
6.890000000000005e-01	1.110924e+00	6.890000e-01
6.900000000000005e-01	1.109925e+00	6.900000e-01
6.910000000000005e-01	1.108925e+00	6.910000e-01
6.920000000000005e-01	1.107925e+00	6.920000e-01
6.930000000000005e-01	1.106925e+00	6.930000e-01
6.940000000000005e-01	1.105926e+00	6.940000e-01
6.950000000000005e-01	1.104926e+00	6.950000e-01
6.960000000000005e-01	1.103926e+00	6.960000e-01
6.970000000000005e-01	1.102926e+00	6.970000e-01
6.980000000000005e-01	1.101927e+00	6.980000e-01
6.990000000000005e-01	1.100927e+00	6.990000e-01
7.000000000000005e-01	1.099927e+00	7.000000e-01
7.010000000000005e-01	1.098927e+00	7.010000e-01
7.020000000000005e-01	1.097928e+00	7.020000e-01
7.030000000000005e-01	1.096928e+00	7.030000e-01
7.040000000000005e-01	1.095928e+00	7.040000e-01
7.050000000000005e-01	1.094928e+00	7.050000e-01
7.060000000000005e-01	1.093929e+00	7.060000e-01
7.070000000000005e-01	1.092929e+00	7.070000e-01
7.080000000000005e-01	1.091929e+00	7.080000e-01
7.090000000000005e-01	1.090929e+00	7.090000e-01
7.100000000000005e-01	1.089930e+00	7.100000e-01
7.110000000000005e-01	1.088930e+00	7.110000e-01
7.120000000000005e-01	1.087930e+00	7.120000e-01
7.130000000000005e-01	1.086930e+00	7.130000e-01
7.140000000000005e-01	1.085931e+00	7.140000e-01
7.150000000000005e-01	1.084931e+00	7.150000e-01
7.160000000000005e-01	1.083931e+00	7.160000e-01
7.170000000000005e-01	1.082931e+00	7.170000e-01
7.180000000000005e-01	1.081931e+00	7.180000e-01
7.190000000000005e-01	1.080932e+00	7.190000e-01
7.200000000000005e-01	1.079932e+00	7.200000e-01
7.210000000000005e-01	1.078932e+00	7.210000e-01
7.220000000000005e-01	1.077932e+00	7.220000e-01
7.230000000000005e-01	1.076933e+00	7.230000e-01
7.240000000000005e-01	1.075933e+00	7.240000e-01
7.250000000000005e-01	1.074933e+00	7.250000e-01
7.260000000000005e-01	1.073933e+00	7.260000e-01
7.270000000000005e-01	1.072934e+00	7.270000e-01
7.280000000000005e-01	1.071934e+00	7.280000e-01
7.290000000000005e-01	1.070934e+00	7.290000e-01
7.300000000000005e-01	1.069934e+00	7.300000e-01
7.310000000000005e-01	1.068935e+00	7.310000e-01
7.320000000000005e-01	1.067935e+00	7.320000e-01
7.330000000000005e-01	1.066935e+00	7.330000e-01
7.340000000000005e-01	1.065935e+00	7.340000e-01
7.350000000000005e-01	1.064936e+00	7.350000e-01
7.360000000000005e-01	1.063936e+00	7.360000e-01
7.370000000000005e-01	1.062936e+00	7.370000e-01
7.380000000000005e-01	1.061936e+00	7.380000e-01
7.390000000000005e-01	1.060937e+00	7.390000e-01
7.400000000000005e-01	1.059937e+00	7.400000e-01
7.410000000000005e-01	1.058937e+00	7.410000e-01
7.420000000000005e-01	1.057937e+00	7.420000e-01
7.430000000000005e-01	1.056938e+00	7.430000e-01
7.440000000000005e-01	1.055938e+00	7.440000e-01
7.450000000000006e-01	1.054938e+00	7.450000e-01
7.460000000000006e-01	1.053938e+00	7.460000e-01
7.470000000000006e-01	1.052939e+00	7.470000e-01
7.480000000000006e-01	1.051939e+00	7.480000e-01
7.490000000000006e-01	1.050939e+00	7.490000e-01
7.500000000000006e-01	1.049939e+00	7.500000e-01
7.510000000000006e-01	1.048940e+00	7.510000e-01
7.520000000000006e-01	1.047940e+00	7.520000e-01
7.530000000000006e-01	1.046940e+00	7.530000e-01
7.540000000000006e-01	1.045940e+00	7.540000e-01
7.550000000000006e-01	1.044940e+00	7.550000e-01
7.560000000000006e-01	1.043941e+00	7.560000e-01
7.570000000000006e-01	1.042941e+00	7.570000e-01
7.580000000000006e-01	1.041941e+00	7.580000e-01
7.590000000000006e-01	1.040941e+00	7.590000e-01
7.600000000000006e-01	1.039942e+00	7.600000e-01
7.610000000000006e-01	1.038942e+00	7.610000e-01
7.620000000000006e-01	1.037942e+00	7.620000e-01
7.630000000000006e-01	1.036942e+00	7.630000e-01
7.640000000000006e-01	1.035943e+00	7.640000e-01
7.650000000000006e-01	1.034943e+00	7.650000e-01
7.660000000000006e-01	1.033943e+00	7.660000e-01
7.670000000000006e-01	1.032943e+00	7.670000e-01
7.680000000000006e-01	1.031944e+00	7.680000e-01
7.690000000000006e-01	1.030944e+00	7.690000e-01
7.700000000000006e-01	1.029944e+00	7.700000e-01
7.710000000000006e-01	1.028944e+00	7.710000e-01
7.720000000000006e-01	1.027945e+00	7.720000e-01
7.730000000000006e-01	1.026945e+00	7.730000e-01
7.740000000000006e-01	1.025945e+00	7.740000e-01
7.750000000000006e-01	1.024945e+00	7.750000e-01
7.760000000000006e-01	1.023946e+00	7.760000e-01
7.770000000000006e-01	1.022946e+00	7.770000e-01
7.780000000000006e-01	1.021946e+00	7.780000e-01
7.790000000000006e-01	1.020946e+00	7.790000e-01
7.800000000000006e-01	1.019947e+00	7.800000e-01
7.810000000000006e-01	1.018947e+00	7.810000e-01
7.820000000000006e-01	1.017947e+00	7.820000e-01
7.830000000000006e-01	1.016947e+00	7.830000e-01
7.840000000000006e-01	1.015948e+00	7.840000e-01
7.850000000000006e-01	1.014948e+00	7.850000e-01
7.860000000000006e-01	1.013948e+00	7.860000e-01
7.870000000000006e-01	1.012948e+00	7.870000e-01
7.880000000000006e-01	1.011949e+00	7.880000e-01
7.890000000000006e-01	1.010949e+00	7.890000e-01
7.900000000000006e-01	1.009949e+00	7.900000e-01
7.910000000000006e-01	1.008949e+00	7.910000e-01
7.920000000000006e-01	1.007949e+00	7.920000e-01
7.930000000000006e-01	1.006950e+00	7.930000e-01
7.940000000000006e-01	1.005950e+00	7.940000e-01
7.950000000000006e-01	1.004950e+00	7.950000e-01
7.960000000000006e-01	1.003950e+00	7.960000e-01
7.970000000000006e-01	1.002951e+00	7.970000e-01
7.980000000000006e-01	1.001951e+00	7.980000e-01
7.990000000000006e-01	1.000951e+00	7.990000e-01
8.000000000000006e-01	9.999514e-01	8.000000e-01
8.010000000000006e-01	9.989517e-01	8.010000e-01
8.020000000000006e-01	9.979519e-01	8.020000e-01
8.030000000000006e-01	9.969522e-01	8.030000e-01
8.040000000000006e-01	9.959524e-01	8.040000e-01
8.050000000000006e-01	9.949527e-01	8.050000e-01
8.060000000000006e-01	9.939529e-01	8.060000e-01
8.070000000000006e-01	9.929531e-01	8.070000e-01
8.080000000000006e-01	9.919534e-01	8.080000e-01
8.090000000000006e-01	9.909536e-01	8.090000e-01
8.100000000000006e-01	9.899539e-01	8.100000e-01
8.110000000000006e-01	9.889541e-01	8.110000e-01
8.120000000000006e-01	9.879544e-01	8.120000e-01
8.130000000000006e-01	9.869546e-01	8.130000e-01
8.140000000000006e-01	9.859548e-01	8.140000e-01
8.150000000000006e-01	9.849551e-01	8.150000e-01
8.160000000000006e-01	9.839553e-01	8.160000e-01
8.170000000000006e-01	9.829556e-01	8.170000e-01
8.180000000000006e-01	9.819558e-01	8.180000e-01
8.190000000000006e-01	9.809560e-01	8.190000e-01
8.200000000000006e-01	9.799563e-01	8.200000e-01
8.210000000000006e-01	9.789565e-01	8.210000e-01
8.220000000000006e-01	9.779568e-01	8.220000e-01
8.230000000000006e-01	9.769570e-01	8.230000e-01
8.240000000000006e-01	9.759573e-01	8.240000e-01
8.250000000000006e-01	9.749575e-01	8.250000e-01
8.260000000000006e-01	9.739577e-01	8.260000e-01
8.270000000000006e-01	9.729580e-01	8.270000e-01
8.280000000000006e-01	9.719582e-01	8.280000e-01
8.290000000000006e-01	9.709585e-01	8.290000e-01
8.300000000000006e-01	9.699587e-01	8.300000e-01
8.310000000000006e-01	9.689590e-01	8.310000e-01
8.320000000000006e-01	9.679592e-01	8.320000e-01
8.330000000000006e-01	9.669594e-01	8.330000e-01
8.340000000000006e-01	9.659597e-01	8.340000e-01
8.350000000000006e-01	9.649599e-01	8.350000e-01
8.360000000000006e-01	9.639602e-01	8.360000e-01
8.370000000000006e-01	9.629604e-01	8.370000e-01
8.380000000000006e-01	9.619607e-01	8.380000e-01
8.390000000000006e-01	9.609609e-01	8.390000e-01
8.400000000000006e-01	9.599611e-01	8.400000e-01
8.410000000000006e-01	9.589614e-01	8.410000e-01
8.420000000000006e-01	9.579616e-01	8.420000e-01
8.430000000000006e-01	9.569619e-01	8.430000e-01
8.440000000000006e-01	9.559621e-01	8.440000e-01
8.450000000000006e-01	9.549624e-01	8.450000e-01
8.460000000000006e-01	9.539626e-01	8.460000e-01
8.470000000000006e-01	9.529628e-01	8.470000e-01
8.480000000000006e-01	9.519631e-01	8.480000e-01
8.490000000000006e-01	9.509633e-01	8.490000e-01
8.500000000000006e-01	9.499636e-01	8.500000e-01
8.510000000000006e-01	9.489638e-01	8.510000e-01
8.520000000000006e-01	9.479641e-01	8.520000e-01
8.530000000000006e-01	9.469643e-01	8.530000e-01
8.540000000000006e-01	9.459645e-01	8.540000e-01
8.550000000000006e-01	9.449648e-01	8.550000e-01
8.560000000000006e-01	9.439650e-01	8.560000e-01
8.570000000000007e-01	9.429653e-01	8.570000e-01
8.580000000000007e-01	9.419655e-01	8.580000e-01
8.590000000000007e-01	9.409658e-01	8.590000e-01
8.600000000000007e-01	9.399660e-01	8.600000e-01
8.610000000000007e-01	9.389662e-01	8.610000e-01
8.620000000000007e-01	9.379665e-01	8.620000e-01
8.630000000000007e-01	9.369667e-01	8.630000e-01
8.640000000000007e-01	9.359670e-01	8.640000e-01
8.650000000000007e-01	9.349672e-01	8.650000e-01
8.660000000000007e-01	9.339674e-01	8.660000e-01
8.670000000000007e-01	9.329677e-01	8.670000e-01
8.680000000000007e-01	9.319679e-01	8.680000e-01
8.690000000000007e-01	9.309682e-01	8.690000e-01
8.700000000000007e-01	9.299684e-01	8.700000e-01
8.710000000000007e-01	9.289687e-01	8.710000e-01
8.720000000000007e-01	9.279689e-01	8.720000e-01
8.730000000000007e-01	9.269691e-01	8.730000e-01
8.740000000000007e-01	9.259694e-01	8.740000e-01
8.750000000000007e-01	9.249696e-01	8.750000e-01
8.760000000000007e-01	9.239699e-01	8.760000e-01
8.770000000000007e-01	9.229701e-01	8.770000e-01
8.780000000000007e-01	9.219704e-01	8.780000e-01
8.790000000000007e-01	9.209706e-01	8.790000e-01
8.800000000000007e-01	9.199708e-01	8.800000e-01
8.810000000000007e-01	9.189711e-01	8.810000e-01
8.820000000000007e-01	9.179713e-01	8.820000e-01
8.830000000000007e-01	9.169716e-01	8.830000e-01
8.840000000000007e-01	9.159718e-01	8.840000e-01
8.850000000000007e-01	9.149721e-01	8.850000e-01
8.860000000000007e-01	9.139723e-01	8.860000e-01
8.870000000000007e-01	9.129725e-01	8.870000e-01
8.880000000000007e-01	9.119728e-01	8.880000e-01
8.890000000000007e-01	9.109730e-01	8.890000e-01
8.900000000000007e-01	9.099733e-01	8.900000e-01
8.910000000000007e-01	9.089735e-01	8.910000e-01
8.920000000000007e-01	9.079738e-01	8.920000e-01
8.930000000000007e-01	9.069740e-01	8.930000e-01
8.940000000000007e-01	9.059742e-01	8.940000e-01
8.950000000000007e-01	9.049745e-01	8.950000e-01
8.960000000000007e-01	9.039747e-01	8.960000e-01
8.970000000000007e-01	9.029750e-01	8.970000e-01
8.980000000000007e-01	9.019752e-01	8.980000e-01
8.990000000000007e-01	9.009754e-01	8.990000e-01
9.000000000000007e-01	8.999757e-01	9.000000e-01
9.010000000000007e-01	8.989759e-01	9.010000e-01
9.020000000000007e-01	8.979762e-01	9.020000e-01
9.030000000000007e-01	8.969764e-01	9.030000e-01
9.040000000000007e-01	8.959767e-01	9.040000e-01
9.050000000000007e-01	8.949769e-01	9.050000e-01
9.060000000000007e-01	8.939771e-01	9.060000e-01
9.070000000000007e-01	8.929774e-01	9.070000e-01
9.080000000000007e-01	8.919776e-01	9.080000e-01
9.090000000000007e-01	8.909779e-01	9.090000e-01
9.100000000000007e-01	8.899781e-01	9.100000e-01
9.110000000000007e-01	8.889784e-01	9.110000e-01
9.120000000000007e-01	8.879786e-01	9.120000e-01
9.130000000000007e-01	8.869788e-01	9.130000e-01
9.140000000000007e-01	8.859791e-01	9.140000e-01
9.150000000000007e-01	8.849793e-01	9.150000e-01
9.160000000000007e-01	8.839796e-01	9.160000e-01
9.170000000000007e-01	8.829798e-01	9.170000e-01
9.180000000000007e-01	8.819801e-01	9.180000e-01
9.190000000000007e-01	8.809803e-01	9.190000e-01
9.200000000000007e-01	8.799805e-01	9.200000e-01
9.210000000000007e-01	8.789808e-01	9.210000e-01
9.220000000000007e-01	8.779810e-01	9.220000e-01
9.230000000000007e-01	8.769813e-01	9.230000e-01
9.240000000000007e-01	8.759815e-01	9.240000e-01
9.250000000000007e-01	8.749818e-01	9.250000e-01
9.260000000000007e-01	8.739820e-01	9.260000e-01
9.270000000000007e-01	8.729822e-01	9.270000e-01
9.280000000000007e-01	8.719825e-01	9.280000e-01
9.290000000000007e-01	8.709827e-01	9.290000e-01
9.300000000000007e-01	8.699830e-01	9.300000e-01
9.310000000000007e-01	8.689832e-01	9.310000e-01
9.320000000000007e-01	8.679834e-01	9.320000e-01
9.330000000000007e-01	8.669837e-01	9.330000e-01
9.340000000000007e-01	8.659839e-01	9.340000e-01
9.350000000000007e-01	8.649842e-01	9.350000e-01
9.360000000000007e-01	8.639844e-01	9.360000e-01
9.370000000000007e-01	8.629847e-01	9.370000e-01
9.380000000000007e-01	8.619849e-01	9.380000e-01
9.390000000000007e-01	8.609851e-01	9.390000e-01
9.400000000000007e-01	8.599854e-01	9.400000e-01
9.410000000000007e-01	8.589856e-01	9.410000e-01
9.420000000000007e-01	8.579859e-01	9.420000e-01
9.430000000000007e-01	8.569861e-01	9.430000e-01
9.440000000000007e-01	8.559864e-01	9.440000e-01
9.450000000000007e-01	8.549865e-01	9.450000e-01
9.460000000000007e-01	8.539868e-01	9.460000e-01
9.470000000000007e-01	8.529871e-01	9.470000e-01
9.480000000000007e-01	8.519873e-01	9.480000e-01
9.490000000000007e-01	8.509876e-01	9.490000e-01
9.500000000000007e-01	8.499878e-01	9.500000e-01
9.510000000000007e-01	8.489881e-01	9.510000e-01
9.520000000000007e-01	8.479882e-01	9.520000e-01
9.530000000000007e-01	8.469885e-01	9.530000e-01
9.540000000000007e-01	8.459888e-01	9.540000e-01
9.550000000000007e-01	8.449890e-01	9.550000e-01
9.560000000000007e-01	8.439893e-01	9.560000e-01
9.570000000000007e-01	8.429895e-01	9.570000e-01
9.580000000000007e-01	8.419898e-01	9.580000e-01
9.590000000000007e-01	8.409899e-01	9.590000e-01
9.600000000000007e-01	8.399902e-01	9.600000e-01
9.610000000000007e-01	8.389904e-01	9.610000e-01
9.620000000000007e-01	8.379907e-01	9.620000e-01
9.630000000000007e-01	8.369910e-01	9.630000e-01
9.640000000000007e-01	8.359912e-01	9.640000e-01
9.650000000000007e-01	8.349914e-01	9.650000e-01
9.660000000000007e-01	8.339916e-01	9.660000e-01
9.670000000000007e-01	8.329919e-01	9.670000e-01
9.680000000000007e-01	8.319921e-01	9.680000e-01
9.690000000000007e-01	8.309924e-01	9.690000e-01
9.700000000000008e-01	8.299927e-01	9.700000e-01
9.710000000000008e-01	8.289929e-01	9.710000e-01
9.720000000000008e-01	8.279931e-01	9.720000e-01
9.730000000000008e-01	8.269933e-01	9.730000e-01
9.740000000000008e-01	8.259936e-01	9.740000e-01
9.750000000000008e-01	8.249938e-01	9.750000e-01
9.760000000000008e-01	8.239941e-01	9.760000e-01
9.770000000000008e-01	8.229944e-01	9.770000e-01
9.780000000000008e-01	8.219946e-01	9.780000e-01
9.790000000000008e-01	8.209948e-01	9.790000e-01
9.800000000000008e-01	8.199950e-01	9.800000e-01
9.810000000000008e-01	8.189953e-01	9.810000e-01
9.820000000000008e-01	8.179955e-01	9.820000e-01
9.830000000000008e-01	8.169958e-01	9.830000e-01
9.840000000000008e-01	8.159961e-01	9.840000e-01
9.850000000000008e-01	8.149962e-01	9.850000e-01
9.860000000000008e-01	8.139965e-01	9.860000e-01
9.870000000000008e-01	8.129967e-01	9.870000e-01
9.880000000000008e-01	8.119970e-01	9.880000e-01
9.890000000000008e-01	8.109972e-01	9.890000e-01
9.900000000000008e-01	8.099975e-01	9.900000e-01
9.910000000000008e-01	8.089978e-01	9.910000e-01
9.920000000000008e-01	8.079979e-01	9.920000e-01
9.930000000000008e-01	8.069982e-01	9.930000e-01
9.940000000000008e-01	8.059984e-01	9.940000e-01
9.950000000000008e-01	8.049987e-01	9.950000e-01
9.960000000000008e-01	8.039989e-01	9.960000e-01
9.970000000000008e-01	8.029992e-01	9.970000e-01
9.980000000000008e-01	8.019994e-01	9.980000e-01
9.990000000000008e-01	8.009996e-01	9.990000e-01
1.000000000000001e+00	7.999999e-01	1.000000e+00
1.001000000000001e+00	7.990001e-01	1.001000e+00
1.002000000000000e+00	7.980004e-01	1.002000e+00
1.003000000000000e+00	7.970006e-01	1.003000e+00
1.004000000000000e+00	7.960009e-01	1.004000e+00
1.005000000000000e+00	7.950011e-01	1.005000e+00
1.006000000000000e+00	7.940013e-01	1.006000e+00
1.007000000000000e+00	7.930016e-01	1.007000e+00
1.008000000000000e+00	7.920018e-01	1.008000e+00
1.009000000000000e+00	7.910021e-01	1.009000e+00
1.010000000000000e+00	7.900023e-01	1.010000e+00
1.010999999999999e+00	7.890026e-01	1.011000e+00
1.011999999999999e+00	7.880028e-01	1.012000e+00
1.012999999999999e+00	7.870030e-01	1.013000e+00
1.013999999999999e+00	7.860033e-01	1.014000e+00
1.014999999999999e+00	7.850035e-01	1.015000e+00
1.015999999999999e+00	7.840038e-01	1.016000e+00
1.016999999999999e+00	7.830040e-01	1.017000e+00
1.017999999999999e+00	7.820043e-01	1.018000e+00
1.018999999999999e+00	7.810045e-01	1.019000e+00
1.019999999999998e+00	7.800047e-01	1.020000e+00
1.020999999999998e+00	7.790050e-01	1.021000e+00
1.021999999999998e+00	7.780052e-01	1.022000e+00
1.022999999999998e+00	7.770055e-01	1.023000e+00
1.023999999999998e+00	7.760057e-01	1.024000e+00
1.024999999999998e+00	7.750060e-01	1.025000e+00
1.025999999999998e+00	7.740062e-01	1.026000e+00
1.026999999999998e+00	7.730064e-01	1.027000e+00
1.027999999999998e+00	7.720067e-01	1.028000e+00
1.028999999999997e+00	7.710069e-01	1.029000e+00
1.029999999999997e+00	7.700072e-01	1.030000e+00
1.030999999999997e+00	7.690074e-01	1.031000e+00
1.031999999999997e+00	7.680077e-01	1.032000e+00
1.032999999999997e+00	7.670079e-01	1.033000e+00
1.033999999999997e+00	7.660081e-01	1.034000e+00
1.034999999999997e+00	7.650084e-01	1.035000e+00
1.035999999999997e+00	7.640086e-01	1.036000e+00
1.036999999999997e+00	7.630089e-01	1.037000e+00
1.037999999999996e+00	7.620091e-01	1.038000e+00
1.038999999999996e+00	7.610094e-01	1.039000e+00
1.039999999999996e+00	7.600096e-01	1.040000e+00
1.040999999999996e+00	7.590098e-01	1.041000e+00
1.041999999999996e+00	7.580101e-01	1.042000e+00
1.042999999999996e+00	7.570103e-01	1.043000e+00
1.043999999999996e+00	7.560106e-01	1.044000e+00
1.044999999999996e+00	7.550108e-01	1.045000e+00
1.045999999999996e+00	7.540111e-01	1.046000e+00
1.046999999999995e+00	7.530113e-01	1.047000e+00
1.047999999999995e+00	7.520115e-01	1.048000e+00
1.048999999999995e+00	7.510118e-01	1.049000e+00
1.049999999999995e+00	7.500120e-01	1.050000e+00
1.050999999999995e+00	7.490123e-01	1.051000e+00
1.051999999999995e+00	7.480125e-01	1.052000e+00
1.052999999999995e+00	7.470128e-01	1.053000e+00
1.053999999999995e+00	7.460130e-01	1.054000e+00
1.054999999999995e+00	7.450132e-01	1.055000e+00
1.055999999999994e+00	7.440135e-01	1.056000e+00
1.056999999999994e+00	7.430137e-01	1.057000e+00
1.057999999999994e+00	7.420140e-01	1.058000e+00
1.058999999999994e+00	7.410142e-01	1.059000e+00
1.059999999999994e+00	7.400145e-01	1.060000e+00
1.060999999999994e+00	7.390147e-01	1.061000e+00
1.061999999999994e+00	7.380149e-01	1.062000e+00
1.062999999999994e+00	7.370152e-01	1.063000e+00
1.063999999999994e+00	7.360154e-01	1.064000e+00
1.064999999999994e+00	7.350157e-01	1.065000e+00
1.065999999999993e+00	7.340159e-01	1.066000e+00
1.066999999999993e+00	7.330162e-01	1.067000e+00
1.067999999999993e+00	7.320164e-01	1.068000e+00
1.068999999999993e+00	7.310166e-01	1.069000e+00
1.069999999999993e+00	7.300169e-01	1.070000e+00
1.070999999999993e+00	7.290171e-01	1.071000e+00
1.071999999999993e+00	7.280174e-01	1.072000e+00
1.072999999999993e+00	7.270176e-01	1.073000e+00
1.073999999999993e+00	7.260179e-01	1.074000e+00
1.074999999999992e+00	7.250181e-01	1.075000e+00
1.075999999999992e+00	7.240183e-01	1.076000e+00
1.076999999999992e+00	7.230186e-01	1.077000e+00
1.077999999999992e+00	7.220188e-01	1.078000e+00
1.078999999999992e+00	7.210191e-01	1.079000e+00
1.079999999999992e+00	7.200193e-01	1.080000e+00
1.080999999999992e+00	7.190196e-01	1.081000e+00
1.081999999999992e+00	7.180198e-01	1.082000e+00
1.082999999999992e+00	7.170201e-01	1.083000e+00
1.083999999999991e+00	7.160203e-01	1.084000e+00
1.084999999999991e+00	7.150205e-01	1.085000e+00
1.085999999999991e+00	7.140208e-01	1.086000e+00
1.086999999999991e+00	7.130210e-01	1.087000e+00
1.087999999999991e+00	7.120213e-01	1.088000e+00
1.088999999999991e+00	7.110215e-01	1.089000e+00
1.089999999999991e+00	7.100218e-01	1.090000e+00
1.090999999999991e+00	7.090220e-01	1.091000e+00
1.091999999999991e+00	7.080222e-01	1.092000e+00
1.092999999999990e+00	7.070225e-01	1.093000e+00
1.093999999999990e+00	7.060227e-01	1.094000e+00
1.094999999999990e+00	7.050230e-01	1.095000e+00
1.095999999999990e+00	7.040232e-01	1.096000e+00
1.096999999999990e+00	7.030235e-01	1.097000e+00
1.097999999999990e+00	7.020237e-01	1.098000e+00
1.098999999999990e+00	7.010239e-01	1.099000e+00
1.099999999999990e+00	7.000242e-01	1.100000e+00
1.100999999999990e+00	6.990244e-01	1.101000e+00
1.101999999999989e+00	6.980247e-01	1.102000e+00
1.102999999999989e+00	6.970249e-01	1.103000e+00
1.103999999999989e+00	6.960252e-01	1.104000e+00
1.104999999999989e+00	6.950254e-01	1.105000e+00
1.105999999999989e+00	6.940257e-01	1.106000e+00
1.106999999999989e+00	6.930259e-01	1.107000e+00
1.107999999999989e+00	6.920261e-01	1.108000e+00
1.108999999999989e+00	6.910264e-01	1.109000e+00
1.109999999999989e+00	6.900266e-01	1.110000e+00
1.110999999999988e+00	6.890269e-01	1.111000e+00
1.111999999999988e+00	6.880271e-01	1.112000e+00
1.112999999999988e+00	6.870274e-01	1.113000e+00
1.113999999999988e+00	6.860276e-01	1.114000e+00
1.114999999999988e+00	6.850278e-01	1.115000e+00
1.115999999999988e+00	6.840281e-01	1.116000e+00
1.116999999999988e+00	6.830283e-01	1.117000e+00
1.117999999999988e+00	6.820286e-01	1.118000e+00
1.118999999999988e+00	6.810288e-01	1.119000e+00
1.119999999999987e+00	6.800291e-01	1.120000e+00
1.120999999999987e+00	6.790293e-01	1.121000e+00
1.121999999999987e+00	6.780296e-01	1.122000e+00
1.122999999999987e+00	6.770298e-01	1.123000e+00
1.123999999999987e+00	6.760300e-01	1.124000e+00
1.124999999999987e+00	6.750303e-01	1.125000e+00
1.125999999999987e+00	6.740305e-01	1.126000e+00
1.126999999999987e+00	6.730308e-01	1.127000e+00
1.127999999999987e+00	6.720310e-01	1.128000e+00
1.128999999999986e+00	6.710313e-01	1.129000e+00
1.129999999999986e+00	6.700315e-01	1.130000e+00
1.130999999999986e+00	6.690318e-01	1.131000e+00
1.131999999999986e+00	6.680320e-01	1.132000e+00
1.132999999999986e+00	6.670322e-01	1.133000e+00
1.133999999999986e+00	6.660325e-01	1.134000e+00
1.134999999999986e+00	6.650327e-01	1.135000e+00
1.135999999999986e+00	6.640330e-01	1.136000e+00
1.136999999999986e+00	6.630332e-01	1.137000e+00
1.137999999999985e+00	6.620335e-01	1.138000e+00
1.138999999999985e+00	6.610337e-01	1.139000e+00
1.139999999999985e+00	6.600339e-01	1.140000e+00
1.140999999999985e+00	6.590342e-01	1.141000e+00
1.141999999999985e+00	6.580344e-01	1.142000e+00
1.142999999999985e+00	6.570347e-01	1.143000e+00
1.143999999999985e+00	6.560349e-01	1.144000e+00
1.144999999999985e+00	6.550352e-01	1.145000e+00
1.145999999999985e+00	6.540354e-01	1.146000e+00
1.146999999999984e+00	6.530357e-01	1.147000e+00
1.147999999999984e+00	6.520360e-01	1.148000e+00
1.148999999999984e+00	6.510361e-01	1.149000e+00
1.149999999999984e+00	6.500364e-01	1.150000e+00
1.150999999999984e+00	6.490366e-01	1.151000e+00
1.151999999999984e+00	6.480369e-01	1.152000e+00
1.152999999999984e+00	6.470371e-01	1.153000e+00
1.153999999999984e+00	6.460374e-01	1.154000e+00
1.154999999999984e+00	6.450377e-01	1.155000e+00
1.155999999999983e+00	6.440379e-01	1.156000e+00
1.156999999999983e+00	6.430382e-01	1.157000e+00
1.157999999999983e+00	6.420384e-01	1.158000e+00
1.158999999999983e+00	6.410386e-01	1.159000e+00
1.159999999999983e+00	6.400388e-01	1.160000e+00
1.160999999999983e+00	6.390391e-01	1.161000e+00
1.161999999999983e+00	6.380394e-01	1.162000e+00
1.162999999999983e+00	6.370396e-01	1.163000e+00
1.163999999999983e+00	6.360399e-01	1.164000e+00
1.164999999999982e+00	6.350401e-01	1.165000e+00
1.165999999999982e+00	6.340404e-01	1.166000e+00
1.166999999999982e+00	6.330406e-01	1.167000e+00
1.167999999999982e+00	6.320408e-01	1.168000e+00
1.168999999999982e+00	6.310410e-01	1.169000e+00
1.169999999999982e+00	6.300413e-01	1.170000e+00
1.170999999999982e+00	6.290416e-01	1.171000e+00
1.171999999999982e+00	6.280418e-01	1.172000e+00
1.172999999999982e+00	6.270421e-01	1.173000e+00
1.173999999999982e+00	6.260423e-01	1.174000e+00
1.174999999999981e+00	6.250426e-01	1.175000e+00
1.175999999999981e+00	6.240428e-01	1.176000e+00
1.176999999999981e+00	6.230431e-01	1.177000e+00
1.177999999999981e+00	6.220433e-01	1.178000e+00
1.178999999999981e+00	6.210435e-01	1.179000e+00
1.179999999999981e+00	6.200438e-01	1.180000e+00
1.180999999999981e+00	6.190440e-01	1.181000e+00
1.181999999999981e+00	6.180443e-01	1.182000e+00
1.182999999999981e+00	6.170445e-01	1.183000e+00
1.183999999999980e+00	6.160448e-01	1.184000e+00
1.184999999999980e+00	6.150450e-01	1.185000e+00
1.185999999999980e+00	6.140453e-01	1.186000e+00
1.186999999999980e+00	6.130455e-01	1.187000e+00
1.187999999999980e+00	6.120458e-01	1.188000e+00
1.188999999999980e+00	6.110460e-01	1.189000e+00
1.189999999999980e+00	6.100462e-01	1.190000e+00
1.190999999999980e+00	6.090465e-01	1.191000e+00
1.191999999999980e+00	6.080467e-01	1.192000e+00
1.192999999999979e+00	6.070470e-01	1.193000e+00
1.193999999999979e+00	6.060472e-01	1.194000e+00
1.194999999999979e+00	6.050475e-01	1.195000e+00
1.195999999999979e+00	6.040477e-01	1.196000e+00
1.196999999999979e+00	6.030480e-01	1.197000e+00
1.197999999999979e+00	6.020482e-01	1.198000e+00
1.198999999999979e+00	6.010485e-01	1.199000e+00
1.199999999999979e+00	6.000487e-01	1.200000e+00
1.200999999999979e+00	5.990489e-01	1.201000e+00
1.201999999999978e+00	5.980492e-01	1.202000e+00
1.202999999999978e+00	5.970494e-01	1.203000e+00
1.203999999999978e+00	5.960497e-01	1.204000e+00
1.204999999999978e+00	5.950499e-01	1.205000e+00
1.205999999999978e+00	5.940502e-01	1.206000e+00
1.206999999999978e+00	5.930504e-01	1.207000e+00
1.207999999999978e+00	5.920507e-01	1.208000e+00
1.208999999999978e+00	5.910509e-01	1.209000e+00
1.209999999999978e+00	5.900512e-01	1.210000e+00
1.210999999999977e+00	5.890514e-01	1.211000e+00
1.211999999999977e+00	5.880517e-01	1.212000e+00
1.212999999999977e+00	5.870519e-01	1.213000e+00
1.213999999999977e+00	5.860521e-01	1.214000e+00
1.214999999999977e+00	5.850524e-01	1.215000e+00
1.215999999999977e+00	5.840526e-01	1.216000e+00
1.216999999999977e+00	5.830529e-01	1.217000e+00
1.217999999999977e+00	5.820531e-01	1.218000e+00
1.218999999999977e+00	5.810534e-01	1.219000e+00
1.219999999999976e+00	5.800536e-01	1.220000e+00
1.220999999999976e+00	5.790539e-01	1.221000e+00
1.221999999999976e+00	5.780541e-01	1.222000e+00
1.222999999999976e+00	5.770544e-01	1.223000e+00
1.223999999999976e+00	5.760546e-01	1.224000e+00
1.224999999999976e+00	5.750549e-01	1.225000e+00
1.225999999999976e+00	5.740551e-01	1.226000e+00
1.226999999999976e+00	5.730554e-01	1.227000e+00
1.227999999999976e+00	5.720556e-01	1.228000e+00
1.228999999999975e+00	5.710559e-01	1.229000e+00
1.229999999999975e+00	5.700561e-01	1.230000e+00
1.230999999999975e+00	5.690563e-01	1.231000e+00
1.231999999999975e+00	5.680566e-01	1.232000e+00
1.232999999999975e+00	5.670568e-01	1.233000e+00
1.233999999999975e+00	5.660571e-01	1.234000e+00
1.234999999999975e+00	5.650573e-01	1.235000e+00
1.235999999999975e+00	5.640576e-01	1.236000e+00
1.236999999999975e+00	5.630578e-01	1.237000e+00
1.237999999999974e+00	5.620581e-01	1.238000e+00
1.238999999999974e+00	5.610583e-01	1.239000e+00
1.239999999999974e+00	5.600586e-01	1.240000e+00
1.240999999999974e+00	5.590588e-01	1.241000e+00
1.241999999999974e+00	5.580591e-01	1.242000e+00
1.242999999999974e+00	5.570593e-01	1.243000e+00
1.243999999999974e+00	5.560596e-01	1.244000e+00
1.244999999999974e+00	5.550599e-01	1.245000e+00
1.245999999999974e+00	5.540601e-01	1.246000e+00
1.246999999999973e+00	5.530604e-01	1.247000e+00
1.247999999999973e+00	5.520606e-01	1.248000e+00
1.248999999999973e+00	5.510609e-01	1.249000e+00
1.249999999999973e+00	5.500611e-01	1.250000e+00
1.250999999999973e+00	5.490613e-01	1.251000e+00
1.251999999999973e+00	5.480615e-01	1.252000e+00
1.252999999999973e+00	5.470618e-01	1.253000e+00
1.253999999999973e+00	5.460621e-01	1.254000e+00
1.254999999999973e+00	5.450623e-01	1.255000e+00
1.255999999999972e+00	5.440626e-01	1.256000e+00
1.256999999999972e+00	5.430628e-01	1.257000e+00
1.257999999999972e+00	5.420631e-01	1.258000e+00
1.258999999999972e+00	5.410633e-01	1.259000e+00
1.259999999999972e+00	5.400636e-01	1.260000e+00
1.260999999999972e+00	5.390638e-01	1.261000e+00
1.261999999999972e+00	5.380641e-01	1.262000e+00
1.262999999999972e+00	5.370643e-01	1.263000e+00
1.263999999999972e+00	5.360646e-01	1.264000e+00
1.264999999999971e+00	5.350648e-01	1.265000e+00
1.265999999999971e+00	5.340651e-01	1.266000e+00
1.266999999999971e+00	5.330653e-01	1.267000e+00
1.267999999999971e+00	5.320656e-01	1.268000e+00
1.268999999999971e+00	5.310658e-01	1.269000e+00
1.269999999999971e+00	5.300661e-01	1.270000e+00
1.270999999999971e+00	5.290663e-01	1.271000e+00
1.271999999999971e+00	5.280666e-01	1.272000e+00
1.272999999999971e+00	5.270668e-01	1.273000e+00
1.273999999999970e+00	5.260671e-01	1.274000e+00
1.274999999999970e+00	5.250673e-01	1.275000e+00
1.275999999999970e+00	5.240676e-01	1.276000e+00
1.276999999999970e+00	5.230678e-01	1.277000e+00
1.277999999999970e+00	5.220681e-01	1.278000e+00
1.278999999999970e+00	5.210683e-01	1.279000e+00
1.279999999999970e+00	5.200686e-01	1.280000e+00
1.280999999999970e+00	5.190688e-01	1.281000e+00
1.281999999999970e+00	5.180691e-01	1.282000e+00
1.282999999999969e+00	5.170693e-01	1.283000e+00
1.283999999999969e+00	5.160696e-01	1.284000e+00
1.284999999999969e+00	5.150698e-01	1.285000e+00
1.285999999999969e+00	5.140701e-01	1.286000e+00
1.286999999999969e+00	5.130703e-01	1.287000e+00
1.287999999999969e+00	5.120706e-01	1.288000e+00
1.288999999999969e+00	5.110708e-01	1.289000e+00
1.289999999999969e+00	5.100711e-01	1.290000e+00
1.290999999999969e+00	5.090714e-01	1.291000e+00
1.291999999999969e+00	5.080716e-01	1.292000e+00
1.292999999999968e+00	5.070719e-01	1.293000e+00
1.293999999999968e+00	5.060721e-01	1.294000e+00
1.294999999999968e+00	5.050724e-01	1.295000e+00
1.295999999999968e+00	5.040726e-01	1.296000e+00
1.296999999999968e+00	5.030729e-01	1.297000e+00
1.297999999999968e+00	5.020731e-01	1.298000e+00
1.298999999999968e+00	5.010734e-01	1.299000e+00
1.299999999999968e+00	5.000736e-01	1.300000e+00
1.300999999999968e+00	4.990739e-01	1.301000e+00
1.301999999999967e+00	4.980741e-01	1.302000e+00
1.302999999999967e+00	4.970744e-01	1.303000e+00
1.303999999999967e+00	4.960746e-01	1.304000e+00
1.304999999999967e+00	4.950749e-01	1.305000e+00
1.305999999999967e+00	4.940751e-01	1.306000e+00
1.306999999999967e+00	4.930754e-01	1.307000e+00
1.307999999999967e+00	4.920757e-01	1.308000e+00
1.308999999999967e+00	4.910759e-01	1.309000e+00
1.309999999999967e+00	4.900762e-01	1.310000e+00
1.310999999999966e+00	4.890764e-01	1.311000e+00
1.311999999999966e+00	4.880767e-01	1.312000e+00
1.312999999999966e+00	4.870769e-01	1.313000e+00
1.313999999999966e+00	4.860772e-01	1.314000e+00
1.314999999999966e+00	4.850774e-01	1.315000e+00
1.315999999999966e+00	4.840777e-01	1.316000e+00
1.316999999999966e+00	4.830779e-01	1.317000e+00
1.317999999999966e+00	4.820782e-01	1.318000e+00
1.318999999999966e+00	4.810784e-01	1.319000e+00
1.319999999999965e+00	4.800787e-01	1.320000e+00
1.320999999999965e+00	4.790790e-01	1.321000e+00
1.321999999999965e+00	4.780792e-01	1.322000e+00
1.322999999999965e+00	4.770795e-01	1.323000e+00
1.323999999999965e+00	4.760797e-01	1.324000e+00
1.324999999999965e+00	4.750800e-01	1.325000e+00
1.325999999999965e+00	4.740802e-01	1.326000e+00
1.326999999999965e+00	4.730805e-01	1.327000e+00
1.327999999999965e+00	4.720808e-01	1.328000e+00
1.328999999999964e+00	4.710810e-01	1.329000e+00
1.329999999999964e+00	4.700813e-01	1.330000e+00
1.330999999999964e+00	4.690815e-01	1.331000e+00
1.331999999999964e+00	4.680818e-01	1.332000e+00
1.332999999999964e+00	4.670821e-01	1.333000e+00
1.333999999999964e+00	4.660823e-01	1.334000e+00
1.334999999999964e+00	4.650826e-01	1.335000e+00
1.335999999999964e+00	4.640828e-01	1.336000e+00
1.336999999999964e+00	4.630831e-01	1.337000e+00
1.337999999999963e+00	4.620833e-01	1.338000e+00
1.338999999999963e+00	4.610836e-01	1.339000e+00
1.339999999999963e+00	4.600838e-01	1.340000e+00
1.340999999999963e+00	4.590841e-01	1.341000e+00
1.341999999999963e+00	4.580844e-01	1.342000e+00
1.342999999999963e+00	4.570846e-01	1.343000e+00
1.343999999999963e+00	4.560849e-01	1.344000e+00
1.344999999999963e+00	4.550851e-01	1.345000e+00
1.345999999999963e+00	4.540854e-01	1.346000e+00
1.346999999999962e+00	4.530857e-01	1.347000e+00
1.347999999999962e+00	4.520859e-01	1.348000e+00
1.348999999999962e+00	4.510862e-01	1.349000e+00
1.349999999999962e+00	4.500864e-01	1.350000e+00
1.350999999999962e+00	4.490867e-01	1.351000e+00
1.351999999999962e+00	4.480869e-01	1.352000e+00
1.352999999999962e+00	4.470872e-01	1.353000e+00
1.353999999999962e+00	4.460875e-01	1.354000e+00
1.354999999999962e+00	4.450877e-01	1.355000e+00
1.355999999999961e+00	4.440880e-01	1.356000e+00
1.356999999999961e+00	4.430883e-01	1.357000e+00
1.357999999999961e+00	4.420885e-01	1.358000e+00
1.358999999999961e+00	4.410888e-01	1.359000e+00
1.359999999999961e+00	4.400890e-01	1.360000e+00
1.360999999999961e+00	4.390893e-01	1.361000e+00
1.361999999999961e+00	4.380896e-01	1.362000e+00
1.362999999999961e+00	4.370898e-01	1.363000e+00
1.363999999999961e+00	4.360901e-01	1.364000e+00
1.364999999999960e+00	4.350904e-01	1.365000e+00
1.365999999999960e+00	4.340906e-01	1.366000e+00
1.366999999999960e+00	4.330909e-01	1.367000e+00
1.367999999999960e+00	4.320911e-01	1.368000e+00
1.368999999999960e+00	4.310914e-01	1.369000e+00
1.369999999999960e+00	4.300917e-01	1.370000e+00
1.370999999999960e+00	4.290919e-01	1.371000e+00
1.371999999999960e+00	4.280922e-01	1.372000e+00
1.372999999999960e+00	4.270925e-01	1.373000e+00
1.373999999999959e+00	4.260927e-01	1.374000e+00
1.374999999999959e+00	4.250930e-01	1.375000e+00
1.375999999999959e+00	4.240932e-01	1.376000e+00
1.376999999999959e+00	4.230935e-01	1.377000e+00
1.377999999999959e+00	4.220938e-01	1.378000e+00
1.378999999999959e+00	4.210941e-01	1.379000e+00
1.379999999999959e+00	4.200943e-01	1.380000e+00
1.380999999999959e+00	4.190946e-01	1.381000e+00
1.381999999999959e+00	4.180948e-01	1.382000e+00
1.382999999999958e+00	4.170951e-01	1.383000e+00
1.383999999999958e+00	4.160954e-01	1.384000e+00
1.384999999999958e+00	4.150957e-01	1.385000e+00
1.385999999999958e+00	4.140959e-01	1.386000e+00
1.386999999999958e+00	4.130962e-01	1.387000e+00
1.387999999999958e+00	4.120964e-01	1.388000e+00
1.388999999999958e+00	4.110967e-01	1.389000e+00
1.389999999999958e+00	4.100970e-01	1.390000e+00
1.390999999999958e+00	4.090973e-01	1.391000e+00
1.391999999999957e+00	4.080975e-01	1.392000e+00
1.392999999999957e+00	4.070978e-01	1.393000e+00
1.393999999999957e+00	4.060981e-01	1.394000e+00
1.394999999999957e+00	4.050983e-01	1.395000e+00
1.395999999999957e+00	4.040986e-01	1.396000e+00
1.396999999999957e+00	4.030989e-01	1.397000e+00
1.397999999999957e+00	4.020991e-01	1.398000e+00
1.398999999999957e+00	4.010994e-01	1.399000e+00
1.399999999999957e+00	4.000997e-01	1.400000e+00
1.400999999999957e+00	3.990999e-01	1.401000e+00
1.401999999999956e+00	3.981002e-01	1.402000e+00
1.402999999999956e+00	3.971005e-01	1.403000e+00
1.403999999999956e+00	3.961008e-01	1.404000e+00
1.404999999999956e+00	3.951010e-01	1.405000e+00
1.405999999999956e+00	3.941013e-01	1.406000e+00
1.406999999999956e+00	3.931016e-01	1.407000e+00
1.407999999999956e+00	3.921019e-01	1.408000e+00
1.408999999999956e+00	3.911021e-01	1.409000e+00
1.409999999999956e+00	3.901024e-01	1.410000e+00
1.410999999999955e+00	3.891027e-01	1.411000e+00
1.411999999999955e+00	3.881030e-01	1.412000e+00
1.412999999999955e+00	3.871032e-01	1.413000e+00
1.413999999999955e+00	3.861035e-01	1.414000e+00
1.414999999999955e+00	3.851038e-01	1.415000e+00
1.415999999999955e+00	3.841041e-01	1.416000e+00
1.416999999999955e+00	3.831044e-01	1.417000e+00
1.417999999999955e+00	3.821046e-01	1.418000e+00
1.418999999999955e+00	3.811049e-01	1.419000e+00
1.419999999999954e+00	3.801052e-01	1.420000e+00
1.420999999999954e+00	3.791054e-01	1.421000e+00
1.421999999999954e+00	3.781057e-01	1.422000e+00
1.422999999999954e+00	3.771060e-01	1.423000e+00
1.423999999999954e+00	3.761063e-01	1.424000e+00
1.424999999999954e+00	3.751066e-01	1.425000e+00
1.425999999999954e+00	3.741069e-01	1.426000e+00
1.426999999999954e+00	3.731071e-01	1.427000e+00
1.427999999999954e+00	3.721074e-01	1.428000e+00
1.428999999999953e+00	3.711077e-01	1.429000e+00
1.429999999999953e+00	3.701080e-01	1.430000e+00
1.430999999999953e+00	3.691083e-01	1.431000e+00
1.431999999999953e+00	3.681086e-01	1.432000e+00
1.432999999999953e+00	3.671089e-01	1.433000e+00
1.433999999999953e+00	3.661091e-01	1.434000e+00
1.434999999999953e+00	3.651094e-01	1.435000e+00
1.435999999999953e+00	3.641097e-01	1.436000e+00
1.436999999999953e+00	3.631100e-01	1.437000e+00
1.437999999999952e+00	3.621103e-01	1.438000e+00
1.438999999999952e+00	3.611106e-01	1.439000e+00
1.439999999999952e+00	3.601108e-01	1.440000e+00
1.440999999999952e+00	3.591111e-01	1.441000e+00
1.441999999999952e+00	3.581114e-01	1.442000e+00
1.442999999999952e+00	3.571117e-01	1.443000e+00
1.443999999999952e+00	3.561120e-01	1.444000e+00
1.444999999999952e+00	3.551123e-01	1.445000e+00
1.445999999999952e+00	3.541126e-01	1.446000e+00
1.446999999999951e+00	3.531129e-01	1.447000e+00
1.447999999999951e+00	3.521132e-01	1.448000e+00
1.448999999999951e+00	3.511135e-01	1.449000e+00
1.449999999999951e+00	3.501137e-01	1.450000e+00
1.450999999999951e+00	3.491141e-01	1.451000e+00
1.451999999999951e+00	3.481143e-01	1.452000e+00
1.452999999999951e+00	3.471147e-01	1.453000e+00
1.453999999999951e+00	3.461149e-01	1.454000e+00
1.454999999999951e+00	3.451152e-01	1.455000e+00
1.455999999999950e+00	3.441155e-01	1.456000e+00
1.456999999999950e+00	3.431158e-01	1.457000e+00
1.457999999999950e+00	3.421161e-01	1.458000e+00
1.458999999999950e+00	3.411164e-01	1.459000e+00
1.459999999999950e+00	3.401167e-01	1.460000e+00
1.460999999999950e+00	3.391170e-01	1.461000e+00
1.461999999999950e+00	3.381173e-01	1.462000e+00
1.462999999999950e+00	3.371176e-01	1.463000e+00
1.463999999999950e+00	3.361179e-01	1.464000e+00
1.464999999999949e+00	3.351182e-01	1.465000e+00
1.465999999999949e+00	3.341185e-01	1.466000e+00
1.466999999999949e+00	3.331189e-01	1.467000e+00
1.467999999999949e+00	3.321192e-01	1.468000e+00
1.468999999999949e+00	3.311195e-01	1.469000e+00
1.469999999999949e+00	3.301198e-01	1.470000e+00
1.470999999999949e+00	3.291201e-01	1.471000e+00
1.471999999999949e+00	3.281204e-01	1.472000e+00
1.472999999999949e+00	3.271207e-01	1.473000e+00
1.473999999999948e+00	3.261210e-01	1.474000e+00
1.474999999999948e+00	3.251213e-01	1.475000e+00
1.475999999999948e+00	3.241217e-01	1.476000e+00
1.476999999999948e+00	3.231220e-01	1.477000e+00
1.477999999999948e+00	3.221223e-01	1.478000e+00
1.478999999999948e+00	3.211226e-01	1.479000e+00
1.479999999999948e+00	3.201229e-01	1.480000e+00
1.480999999999948e+00	3.191232e-01	1.481000e+00
1.481999999999948e+00	3.181235e-01	1.482000e+00
1.482999999999947e+00	3.171239e-01	1.483000e+00
1.483999999999947e+00	3.161242e-01	1.484000e+00
1.484999999999947e+00	3.151245e-01	1.485000e+00
1.485999999999947e+00	3.141249e-01	1.486000e+00
1.486999999999947e+00	3.131252e-01	1.487000e+00
1.487999999999947e+00	3.121255e-01	1.488000e+00
1.488999999999947e+00	3.111258e-01	1.489000e+00
1.489999999999947e+00	3.101262e-01	1.490000e+00
1.490999999999947e+00	3.091265e-01	1.491000e+00
1.491999999999946e+00	3.081268e-01	1.492000e+00
1.492999999999946e+00	3.071271e-01	1.493000e+00
1.493999999999946e+00	3.061275e-01	1.494000e+00
1.494999999999946e+00	3.051278e-01	1.495000e+00
1.495999999999946e+00	3.041281e-01	1.496000e+00
1.496999999999946e+00	3.031285e-01	1.497000e+00
1.497999999999946e+00	3.021288e-01	1.498000e+00
1.498999999999946e+00	3.011292e-01	1.499000e+00
1.499999999999946e+00	3.001295e-01	1.500000e+00
1.500999999999945e+00	2.991299e-01	1.501000e+00
1.501999999999945e+00	2.981302e-01	1.502000e+00
1.502999999999945e+00	2.971306e-01	1.503000e+00
1.503999999999945e+00	2.961309e-01	1.504000e+00
1.504999999999945e+00	2.951313e-01	1.505000e+00
1.505999999999945e+00	2.941316e-01	1.506000e+00
1.506999999999945e+00	2.931319e-01	1.507000e+00
1.507999999999945e+00	2.921323e-01	1.508000e+00
1.508999999999945e+00	2.911327e-01	1.509000e+00
1.509999999999944e+00	2.901330e-01	1.510000e+00
1.510999999999944e+00	2.891334e-01	1.511000e+00
1.511999999999944e+00	2.881338e-01	1.512000e+00
1.512999999999944e+00	2.871341e-01	1.513000e+00
1.513999999999944e+00	2.861345e-01	1.514000e+00
1.514999999999944e+00	2.851349e-01	1.515000e+00
1.515999999999944e+00	2.841352e-01	1.516000e+00
1.516999999999944e+00	2.831356e-01	1.517000e+00
1.517999999999944e+00	2.821360e-01	1.518000e+00
1.518999999999944e+00	2.811364e-01	1.519000e+00
1.519999999999943e+00	2.801367e-01	1.520000e+00
1.520999999999943e+00	2.791371e-01	1.521000e+00
1.521999999999943e+00	2.781375e-01	1.522000e+00
1.522999999999943e+00	2.771379e-01	1.523000e+00
1.523999999999943e+00	2.761383e-01	1.524000e+00
1.524999999999943e+00	2.751387e-01	1.525000e+00
1.525999999999943e+00	2.741391e-01	1.526000e+00
1.526999999999943e+00	2.731395e-01	1.527000e+00
1.527999999999943e+00	2.721399e-01	1.528000e+00
1.528999999999942e+00	2.711403e-01	1.529000e+00
1.529999999999942e+00	2.701407e-01	1.530000e+00
1.530999999999942e+00	2.691411e-01	1.531000e+00
1.531999999999942e+00	2.681415e-01	1.532000e+00
1.532999999999942e+00	2.671419e-01	1.533000e+00
1.533999999999942e+00	2.661423e-01	1.534000e+00
1.534999999999942e+00	2.651427e-01	1.535000e+00
1.535999999999942e+00	2.641432e-01	1.536000e+00
1.536999999999942e+00	2.631436e-01	1.537000e+00
1.537999999999941e+00	2.621440e-01	1.538000e+00
1.538999999999941e+00	2.611445e-01	1.539000e+00
1.539999999999941e+00	2.601449e-01	1.540000e+00
1.540999999999941e+00	2.591453e-01	1.541000e+00
1.541999999999941e+00	2.581458e-01	1.542000e+00
1.542999999999941e+00	2.571462e-01	1.543000e+00
1.543999999999941e+00	2.561467e-01	1.544000e+00
1.544999999999941e+00	2.551472e-01	1.545000e+00
1.545999999999941e+00	2.541476e-01	1.546000e+00
1.546999999999940e+00	2.531481e-01	1.547000e+00
1.547999999999940e+00	2.521485e-01	1.548000e+00
1.548999999999940e+00	2.511490e-01	1.549000e+00
1.549999999999940e+00	2.501495e-01	1.550000e+00
1.550999999999940e+00	2.491500e-01	1.551000e+00
1.551999999999940e+00	2.481505e-01	1.552000e+00
1.552999999999940e+00	2.471510e-01	1.553000e+00
1.553999999999940e+00	2.461515e-01	1.554000e+00
1.554999999999940e+00	2.451520e-01	1.555000e+00
1.555999999999939e+00	2.441525e-01	1.556000e+00
1.556999999999939e+00	2.431530e-01	1.557000e+00
1.557999999999939e+00	2.421535e-01	1.558000e+00
1.558999999999939e+00	2.411540e-01	1.559000e+00
1.559999999999939e+00	2.401545e-01	1.560000e+00
1.560999999999939e+00	2.391551e-01	1.561000e+00
1.561999999999939e+00	2.381556e-01	1.562000e+00
1.562999999999939e+00	2.371562e-01	1.563000e+00
1.563999999999939e+00	2.361567e-01	1.564000e+00
1.564999999999938e+00	2.351573e-01	1.565000e+00
1.565999999999938e+00	2.341579e-01	1.566000e+00
1.566999999999938e+00	2.331584e-01	1.567000e+00
1.567999999999938e+00	2.321590e-01	1.568000e+00
1.568999999999938e+00	2.311596e-01	1.569000e+00
1.569999999999938e+00	2.301602e-01	1.570000e+00
1.570999999999938e+00	2.291608e-01	1.571000e+00
1.571999999999938e+00	2.281614e-01	1.572000e+00
1.572999999999938e+00	2.271620e-01	1.573000e+00
1.573999999999937e+00	2.261627e-01	1.574000e+00
1.574999999999937e+00	2.251633e-01	1.575000e+00
1.575999999999937e+00	2.241640e-01	1.576000e+00
1.576999999999937e+00	2.231646e-01	1.577000e+00
1.577999999999937e+00	2.221653e-01	1.578000e+00
1.578999999999937e+00	2.211660e-01	1.579000e+00
1.579999999999937e+00	2.201667e-01	1.580000e+00
1.580999999999937e+00	2.191674e-01	1.581000e+00
1.581999999999937e+00	2.181681e-01	1.582000e+00
1.582999999999936e+00	2.171688e-01	1.583000e+00
1.583999999999936e+00	2.161695e-01	1.584000e+00
1.584999999999936e+00	2.151702e-01	1.585000e+00
1.585999999999936e+00	2.141710e-01	1.586000e+00
1.586999999999936e+00	2.131718e-01	1.587000e+00
1.587999999999936e+00	2.121725e-01	1.588000e+00
1.588999999999936e+00	2.111733e-01	1.589000e+00
1.589999999999936e+00	2.101741e-01	1.590000e+00
1.590999999999936e+00	2.091749e-01	1.591000e+00
1.591999999999935e+00	2.081758e-01	1.592000e+00
1.592999999999935e+00	2.071766e-01	1.593000e+00
1.593999999999935e+00	2.061775e-01	1.594000e+00
1.594999999999935e+00	2.051784e-01	1.595000e+00
1.595999999999935e+00	2.041792e-01	1.596000e+00
1.596999999999935e+00	2.031801e-01	1.597000e+00
1.597999999999935e+00	2.021811e-01	1.598000e+00
1.598999999999935e+00	2.011820e-01	1.599000e+00
1.599999999999935e+00	2.001830e-01	1.600000e+00
1.600999999999934e+00	1.991840e-01	1.601000e+00
1.601999999999934e+00	1.981850e-01	1.602000e+00
1.602999999999934e+00	1.971860e-01	1.603000e+00
1.603999999999934e+00	1.961870e-01	1.604000e+00
1.604999999999934e+00	1.951881e-01	1.605000e+00
1.605999999999934e+00	1.941891e-01	1.606000e+00
1.606999999999934e+00	1.931902e-01	1.607000e+00
1.607999999999934e+00	1.921914e-01	1.608000e+00
1.608999999999934e+00	1.911925e-01	1.609000e+00
1.609999999999933e+00	1.901937e-01	1.610000e+00
1.610999999999933e+00	1.891949e-01	1.611000e+00
1.611999999999933e+00	1.881961e-01	1.612000e+00
1.612999999999933e+00	1.871973e-01	1.613000e+00
1.613999999999933e+00	1.861986e-01	1.614000e+00
1.614999999999933e+00	1.851999e-01	1.615000e+00
1.615999999999933e+00	1.842012e-01	1.616000e+00
1.616999999999933e+00	1.832026e-01	1.617000e+00
1.617999999999933e+00	1.822040e-01	1.618000e+00
1.618999999999932e+00	1.812054e-01	1.619000e+00
1.619999999999932e+00	1.802069e-01	1.620000e+00
1.620999999999932e+00	1.792083e-01	1.621000e+00
1.621999999999932e+00	1.782099e-01	1.622000e+00
1.622999999999932e+00	1.772114e-01	1.623000e+00
1.623999999999932e+00	1.762130e-01	1.624000e+00
1.624999999999932e+00	1.752146e-01	1.625000e+00
1.625999999999932e+00	1.742163e-01	1.626000e+00
1.626999999999932e+00	1.732180e-01	1.627000e+00
1.627999999999932e+00	1.722197e-01	1.628000e+00
1.628999999999931e+00	1.712215e-01	1.629000e+00
1.629999999999931e+00	1.702233e-01	1.630000e+00
1.630999999999931e+00	1.692252e-01	1.631000e+00
1.631999999999931e+00	1.682271e-01	1.632000e+00
1.632999999999931e+00	1.672291e-01	1.633000e+00
1.633999999999931e+00	1.662311e-01	1.634000e+00
1.634999999999931e+00	1.652332e-01	1.635000e+00
1.635999999999931e+00	1.642353e-01	1.636000e+00
1.636999999999931e+00	1.632374e-01	1.637000e+00
1.637999999999930e+00	1.622396e-01	1.638000e+00
1.638999999999930e+00	1.612419e-01	1.639000e+00
1.639999999999930e+00	1.602442e-01	1.640000e+00
1.640999999999930e+00	1.592466e-01	1.641000e+00
1.641999999999930e+00	1.582490e-01	1.642000e+00
1.642999999999930e+00	1.572515e-01	1.643000e+00
1.643999999999930e+00	1.562541e-01	1.644000e+00
1.644999999999930e+00	1.552567e-01	1.645000e+00
1.645999999999930e+00	1.542594e-01	1.646000e+00
1.646999999999929e+00	1.532621e-01	1.647000e+00
1.647999999999929e+00	1.522649e-01	1.648000e+00
1.648999999999929e+00	1.512678e-01	1.649000e+00
1.649999999999929e+00	1.502708e-01	1.650000e+00
1.650999999999929e+00	1.492738e-01	1.651000e+00
1.651999999999929e+00	1.482769e-01	1.652000e+00
1.652999999999929e+00	1.472801e-01	1.653000e+00
1.653999999999929e+00	1.462833e-01	1.654000e+00
1.654999999999929e+00	1.452866e-01	1.655000e+00
1.655999999999928e+00	1.442900e-01	1.656000e+00
1.656999999999928e+00	1.432935e-01	1.657000e+00
1.657999999999928e+00	1.422971e-01	1.658000e+00
1.658999999999928e+00	1.413008e-01	1.659000e+00
1.659999999999928e+00	1.403045e-01	1.660000e+00
1.660999999999928e+00	1.393083e-01	1.661000e+00
1.661999999999928e+00	1.383123e-01	1.662000e+00
1.662999999999928e+00	1.373163e-01	1.663000e+00
1.663999999999928e+00	1.363204e-01	1.664000e+00
1.664999999999927e+00	1.353246e-01	1.665000e+00
1.665999999999927e+00	1.343289e-01	1.666000e+00
1.666999999999927e+00	1.333333e-01	1.667000e+00
1.667999999999927e+00	1.323378e-01	1.668000e+00
1.668999999999927e+00	1.313425e-01	1.669000e+00
1.669999999999927e+00	1.303472e-01	1.670000e+00
1.670999999999927e+00	1.293520e-01	1.671000e+00
1.671999999999927e+00	1.283569e-01	1.672000e+00
1.672999999999927e+00	1.273620e-01	1.673000e+00
1.673999999999926e+00	1.263671e-01	1.674000e+00
1.674999999999926e+00	1.253724e-01	1.675000e+00
1.675999999999926e+00	1.243778e-01	1.676000e+00
1.676999999999926e+00	1.233833e-01	1.677000e+00
1.677999999999926e+00	1.223889e-01	1.678000e+00
1.678999999999926e+00	1.213947e-01	1.679000e+00
1.679999999999926e+00	1.204005e-01	1.680000e+00
1.680999999999926e+00	1.194065e-01	1.681000e+00
1.681999999999926e+00	1.184126e-01	1.682000e+00
1.682999999999925e+00	1.174189e-01	1.683000e+00
1.683999999999925e+00	1.164253e-01	1.684000e+00
1.684999999999925e+00	1.154318e-01	1.685000e+00
1.685999999999925e+00	1.144384e-01	1.686000e+00
1.686999999999925e+00	1.134452e-01	1.687000e+00
1.687999999999925e+00	1.124522e-01	1.688000e+00
1.688999999999925e+00	1.114592e-01	1.689000e+00
1.689999999999925e+00	1.104664e-01	1.690000e+00
1.690999999999925e+00	1.094738e-01	1.691000e+00
1.691999999999924e+00	1.084813e-01	1.692000e+00
1.692999999999924e+00	1.074889e-01	1.693000e+00
1.693999999999924e+00	1.064967e-01	1.694000e+00
1.694999999999924e+00	1.055047e-01	1.695000e+00
1.695999999999924e+00	1.045128e-01	1.696000e+00
1.696999999999924e+00	1.035211e-01	1.697000e+00
1.697999999999924e+00	1.025295e-01	1.698000e+00
1.698999999999924e+00	1.015381e-01	1.699000e+00
1.699999999999924e+00	1.005468e-01	1.700000e+00
1.700999999999923e+00	9.955575e-02	1.701000e+00
1.701999999999923e+00	9.856484e-02	1.702000e+00
1.702999999999923e+00	9.757409e-02	1.703000e+00
1.703999999999923e+00	9.658352e-02	1.704000e+00
1.704999999999923e+00	9.559312e-02	1.705000e+00
1.705999999999923e+00	9.460291e-02	1.706000e+00
1.706999999999923e+00	9.361287e-02	1.707000e+00
1.707999999999923e+00	9.262302e-02	1.708000e+00
1.708999999999923e+00	9.163335e-02	1.709000e+00
1.709999999999922e+00	9.064386e-02	1.710000e+00
1.710999999999922e+00	8.965457e-02	1.711000e+00
1.711999999999922e+00	8.866547e-02	1.712000e+00
1.712999999999922e+00	8.767657e-02	1.713000e+00
1.713999999999922e+00	8.668786e-02	1.714000e+00
1.714999999999922e+00	8.569936e-02	1.715000e+00
1.715999999999922e+00	8.471107e-02	1.716000e+00
1.716999999999922e+00	8.372298e-02	1.717000e+00
1.717999999999922e+00	8.273510e-02	1.718000e+00
1.718999999999921e+00	8.174744e-02	1.719000e+00
1.719999999999921e+00	8.075999e-02	1.720000e+00
1.720999999999921e+00	7.977276e-02	1.721000e+00
1.721999999999921e+00	7.878576e-02	1.722000e+00
1.722999999999921e+00	7.779899e-02	1.723000e+00
1.723999999999921e+00	7.681245e-02	1.724000e+00
1.724999999999921e+00	7.582615e-02	1.725000e+00
1.725999999999921e+00	7.484008e-02	1.726000e+00
1.726999999999921e+00	7.385427e-02	1.727000e+00
1.727999999999920e+00	7.286870e-02	1.728000e+00
1.728999999999920e+00	7.188338e-02	1.729000e+00
1.729999999999920e+00	7.089832e-02	1.730000e+00
1.730999999999920e+00	6.991352e-02	1.731000e+00
1.731999999999920e+00	6.892899e-02	1.732000e+00
1.732999999999920e+00	6.794474e-02	1.733000e+00
1.733999999999920e+00	6.696076e-02	1.734000e+00
1.734999999999920e+00	6.597707e-02	1.735000e+00
1.735999999999920e+00	6.499366e-02	1.736000e+00
1.736999999999919e+00	6.401056e-02	1.737000e+00
1.737999999999919e+00	6.302775e-02	1.738000e+00
1.738999999999919e+00	6.204526e-02	1.739000e+00
1.739999999999919e+00	6.106308e-02	1.740000e+00
1.740999999999919e+00	6.008122e-02	1.741000e+00
1.741999999999919e+00	5.909970e-02	1.742000e+00
1.742999999999919e+00	5.811851e-02	1.743000e+00
1.743999999999919e+00	5.713767e-02	1.744000e+00
1.744999999999919e+00	5.615718e-02	1.745000e+00
1.745999999999919e+00	5.517706e-02	1.746000e+00
1.746999999999918e+00	5.419732e-02	1.747000e+00
1.747999999999918e+00	5.321795e-02	1.748000e+00
1.748999999999918e+00	5.223899e-02	1.749000e+00
1.749999999999918e+00	5.126043e-02	1.750000e+00
1.750999999999918e+00	5.028228e-02	1.751000e+00
1.751999999999918e+00	4.930457e-02	1.752000e+00
1.752999999999918e+00	4.832730e-02	1.753000e+00
1.753999999999918e+00	4.735049e-02	1.754000e+00
1.754999999999918e+00	4.637415e-02	1.755000e+00
1.755999999999917e+00	4.539829e-02	1.756000e+00
1.756999999999917e+00	4.442294e-02	1.757000e+00
1.757999999999917e+00	4.344812e-02	1.758000e+00
1.758999999999917e+00	4.247383e-02	1.759000e+00
1.759999999999917e+00	4.150010e-02	1.760000e+00
1.760999999999917e+00	4.052695e-02	1.761000e+00
1.761999999999917e+00	3.955441e-02	1.762000e+00
1.762999999999917e+00	3.858250e-02	1.763000e+00
1.763999999999917e+00	3.761123e-02	1.764000e+00
1.764999999999916e+00	3.664066e-02	1.765000e+00
1.765999999999916e+00	3.567079e-02	1.766000e+00
1.766999999999916e+00	3.470167e-02	1.767000e+00
1.767999999999916e+00	3.373333e-02	1.768000e+00
1.768999999999916e+00	3.276580e-02	1.769000e+00
1.769999999999916e+00	3.179914e-02	1.770000e+00
1.770999999999916e+00	3.083337e-02	1.771000e+00
1.771999999999916e+00	2.986856e-02	1.772000e+00
1.772999999999916e+00	2.890475e-02	1.773000e+00
1.773999999999915e+00	2.794201e-02	1.774000e+00
1.774999999999915e+00	2.698039e-02	1.775000e+00
1.775999999999915e+00	2.601997e-02	1.776000e+00
1.776999999999915e+00	2.506083e-02	1.777000e+00
1.777999999999915e+00	2.410305e-02	1.778000e+00
1.778999999999915e+00	2.314672e-02	1.779000e+00
1.779999999999915e+00	2.219196e-02	1.780000e+00
1.780999999999915e+00	2.123889e-02	1.781000e+00
1.781999999999915e+00	2.028763e-02	1.782000e+00
1.782999999999914e+00	1.933835e-02	1.783000e+00
1.783999999999914e+00	1.839123e-02	1.784000e+00
1.784999999999914e+00	1.744645e-02	1.785000e+00
1.785999999999914e+00	1.650426e-02	1.786000e+00
1.786999999999914e+00	1.556493e-02	1.787000e+00
1.787999999999914e+00	1.462876e-02	1.788000e+00
1.788999999999914e+00	1.369614e-02	1.789000e+00
1.789999999999914e+00	1.276749e-02	1.790000e+00
1.790999999999914e+00	1.184336e-02	1.791000e+00
1.791999999999913e+00	1.092440e-02	1.792000e+00
1.792999999999913e+00	1.001139e-02	1.793000e+00
1.793999999999913e+00	9.105330e-03	1.794000e+00
1.794999999999913e+00	8.207489e-03	1.795000e+00
1.795999999999913e+00	7.319491e-03	1.796000e+00
1.796999999999913e+00	6.443484e-03	1.797000e+00
1.797999999999913e+00	5.582363e-03	1.798000e+00
1.798999999999913e+00	4.740134e-03	1.799000e+00
1.800000000000000e+00	3.922494e-03	1.800000e+00
